# CAT Character Animation Clip exported from 3dsmax on Sat Jun 11 17:18:47 2005

Version = 1700
ClipLength = 16000
Units = 0.3
PathNodeGuess = matrix -0.992976 -0.11832 -5.19456e-008 0.11832 -0.992976 9.32666e-008 -6.2616e-008 8.64652e-008 1 -33.6965 -27.0876 4.17273
NLAInfo {
  ValLayerInfo = LayerInfo 1 255 "Waving"
  Weights {
    ValFloat = 1
  }
  TimeWarp {
    ClassIDs = ClassID 36867 8193 0 "Linear Float"
    ORTIn = 5
    ORTOut = 5
    Keys {
      ValKeyLinFloat = KeyLinFloat 0 0 0
      ValKeyLinFloat = KeyLinFloat 0 16000 16000
    }
  }
  Controller {
    ClassIDs = ClassID 36872 8197 0 "Position/Rotation/Scale"
    Flags = 0
    SubNumber = 0
    Controller {
      ValPoint = point 0 0 0
    }
    SubNumber = 1
    Controller {
      ValQuat = quat 0 0 0 1
    }
    SubNumber = 2
    Controller {
      ValPoint = point 1 1 1
    }
  }
}
HubParams {
  GroupWeights {
    ValFloat = 1
  }
  Controller {
    ClassIDs = ClassID 36872 8197 0 "Position/Rotation/Scale"
    Flags = 0
    SimpleKeys {
      ValKeyMatrix = KeyMatrix 0 1920 -0.869103 -0.0355715 -0.493351 5.41023e-008 -0.997411 0.071915 -0.494631 0.0625015 0.866853 -33.7231 -26.8637 33.7982
      ValKeyMatrix = KeyMatrix 0 4160 -0.869103 -0.0355715 -0.493351 5.41023e-008 -0.997411 0.071915 -0.494631 0.0625015 0.866853 -33.7231 -26.8637 32.3554
      ValKeyMatrix = KeyMatrix 0 5920 -0.869103 -0.0355715 -0.493351 5.41023e-008 -0.997411 0.071915 -0.494631 0.0625015 0.866853 -33.7231 -26.8637 33.7982
      ValKeyMatrix = KeyMatrix 0 8000 -0.869103 -0.0355715 -0.493351 5.41023e-008 -0.997411 0.071915 -0.494631 0.0625015 0.866853 -33.7231 -26.8637 32.0462
      ValKeyMatrix = KeyMatrix 0 12800 -0.869103 -0.0355715 -0.493351 5.41023e-008 -0.997411 0.071915 -0.494631 0.0625015 0.866853 -33.7231 -26.8637 34.4585
    }
    SubNumber = 0
    Controller {
      ClassIDs = ClassID 36875 294616578 4293796746 "Position XYZ"
      SubNumber = 0
      Controller {
        ClassIDs = ClassID 36867 8199 0 "Bezier Float"
        ORTIn = 1
        ORTOut = 1
        Keys {
          ValKeyBezFloat = KeyBezFloat 6912 0 -33.7231 0 0 -1 0.3333
          ValKeyBezFloat = KeyBezFloat 6912 1920 -33.7231 0 0 0.3333 0.3333
          ValKeyBezFloat = KeyBezFloat 6912 4160 -33.7231 0 0 0.3333 0.3333
          ValKeyBezFloat = KeyBezFloat 6912 5920 -33.7231 0 0 0.3333 0.3333
          ValKeyBezFloat = KeyBezFloat 6912 8000 -33.7231 0 0 0.3333 0.3333
          ValKeyBezFloat = KeyBezFloat 6912 12800 -33.7231 0 0 0.3333 -1
        }
      }
      SubNumber = 1
      Controller {
        ClassIDs = ClassID 36867 8199 0 "Bezier Float"
        ORTIn = 1
        ORTOut = 1
        Keys {
          ValKeyBezFloat = KeyBezFloat 6912 0 -26.8637 0 0 -1 0.3333
          ValKeyBezFloat = KeyBezFloat 6912 1920 -26.8637 0 0 0.3333 0.3333
          ValKeyBezFloat = KeyBezFloat 6912 4160 -26.8637 0 0 0.3333 0.3333
          ValKeyBezFloat = KeyBezFloat 6912 5920 -26.8637 0 0 0.3333 0.3333
          ValKeyBezFloat = KeyBezFloat 6912 8000 -26.8637 0 0 0.3333 0.3333
          ValKeyBezFloat = KeyBezFloat 6912 12800 -26.8637 0 0 0.3333 -1
        }
      }
      SubNumber = 2
      Controller {
        ClassIDs = ClassID 36867 8199 0 "Bezier Float"
        ORTIn = 1
        ORTOut = 1
        Keys {
          ValKeyBezFloat = KeyBezFloat 6912 0 32.0462 0 0 -1 0.3333
          ValKeyBezFloat = KeyBezFloat 6912 1920 33.7982 0 0 0.3333 0.3333
          ValKeyBezFloat = KeyBezFloat 6912 4160 32.3554 0 0 0.3333 0.3333
          ValKeyBezFloat = KeyBezFloat 6912 5920 33.7982 0 0 0.3333 0.3333
          ValKeyBezFloat = KeyBezFloat 6912 8000 32.0462 0 0 0.3333 0.3333
          ValKeyBezFloat = KeyBezFloat 6915 12800 34.4585 0 0 0.3333 -1
        }
      }
    }
    SubNumber = 1
    Controller {
      ValQuat = quat -0.255664 0.0347834 0.966096 0.00920496
    }
    SubNumber = 2
    Controller {
      ValPoint = point 1 1 1
    }
  }
  LimbParams {
    GroupWeights {
      ValFloat = 1
    }
    IKFKValues {
      ValFloat = 0
    }
    IKTargetValues {
      Controller {
        ClassIDs = ClassID 36872 8197 0 "Position/Rotation/Scale"
        Flags = 0
        SubNumber = 0
        Controller {
          ValPoint = point -34.0916 -29.9336 4.40921
        }
        SubNumber = 1
        Controller {
          ValQuat = quat 0.193922 -0.274352 0.941657 0.0201645
        }
        SubNumber = 2
        Controller {
          ValPoint = point 1 1 1
        }
      }
      PivotPosValues {
        ValPoint = point 0 0 0
      }
      PivotRotValues {
        ValPoint = point 0 0 0
      }
    }
    LimbBone {
      Controller {
        ClassIDs = ClassID 36872 8197 0 "Position/Rotation/Scale"
        Flags = 0
        SubNumber = 0
        Controller {
          ValPoint = point 3.54496 0.458555 -1.66957e-007
        }
        SubNumber = 1
        Controller {
          ValQuat = quat 0.357853 0.146284 0.365952 0.846535
        }
        SubNumber = 2
        Controller {
          ValPoint = point 1 1 1
        }
      }
    }
    LimbBone {
      Controller {
        ClassIDs = ClassID 36872 8197 0 "Position/Rotation/Scale"
        Flags = 0
        SubNumber = 0
        Controller {
          ValPoint = point 0 0 0
        }
        SubNumber = 1
        Controller {
          ValQuat = quat 0.953746 -0.0321475 0.0100692 -0.298719
        }
        SubNumber = 2
        Controller {
          ValPoint = point 1 1 1
        }
      }
    }
    Palm {
      GroupWeights {
        ValFloat = 1
      }
      Controller {
        ClassIDs = ClassID 36872 8197 0 "Position/Rotation/Scale"
        Flags = 0
        SubNumber = 0
        Controller {
          ValPoint = point -2.03549e-007 0.982892 -2.32833
        }
        SubNumber = 1
        Controller {
          ValQuat = quat 0.272252 5.96317e-010 -2.10758e-009 0.962226
        }
        SubNumber = 2
        Controller {
          ValPoint = point 1 1 1
        }
      }
      TargetAlignValues {
        ValFloat = 1
      }
      DigitParams {
        DigitSegParams {
          Controller {
            ClassIDs = ClassID 36872 8197 0 "Position/Rotation/Scale"
            Flags = 0
            SubNumber = 0
            Controller {
              ValPoint = point 0 0 0
            }
            SubNumber = 1
            Controller {
              ValQuat = quat 0 0 0 1
            }
            SubNumber = 2
            Controller {
              ValPoint = point 1 1 1
            }
          }
        }
      }
    }
  }
  LimbParams {
    GroupWeights {
      ValFloat = 1
    }
    IKFKValues {
      ValFloat = 0
    }
    IKTargetValues {
      Controller {
        ClassIDs = ClassID 36872 8197 0 "Position/Rotation/Scale"
        Flags = 0
        SubNumber = 0
        Controller {
          ValPoint = point -25.6047 -29.8306 0
        }
        SubNumber = 1
        Controller {
          ValQuat = quat 0 0 0.9551 0.296282
        }
        SubNumber = 2
        Controller {
          ValPoint = point 1 1 1
        }
      }
      PivotPosValues {
        ValPoint = point 0 0 0
      }
      PivotRotValues {
        ValPoint = point 0 0 0
      }
    }
    LimbBone {
      Controller {
        ClassIDs = ClassID 36872 8197 0 "Position/Rotation/Scale"
        Flags = 0
        SubNumber = 0
        Controller {
          ValPoint = point -3.54496 0.458555 4.52864e-007
        }
        SubNumber = 1
        Controller {
          ValQuat = quat 0.0849549 0.0276906 0.0944961 0.991507
        }
        SubNumber = 2
        Controller {
          ValPoint = point 1 1 1
        }
      }
    }
    LimbBone {
      Controller {
        ClassIDs = ClassID 36872 8197 0 "Position/Rotation/Scale"
        Flags = 0
        SubNumber = 0
        Controller {
          ValPoint = point 0 0 0
        }
        SubNumber = 1
        Controller {
          ValQuat = quat -0.752654 0.0287547 -0.025112 0.657309
        }
        SubNumber = 2
        Controller {
          ValPoint = point 1 1 1
        }
      }
    }
    Palm {
      GroupWeights {
        ValFloat = 1
      }
      Controller {
        ClassIDs = ClassID 36872 8197 0 "Position/Rotation/Scale"
        Flags = 0
        SubNumber = 0
        Controller {
          ValPoint = point -2.03549e-007 0.982892 -2.32833
        }
        SubNumber = 1
        Controller {
          ValQuat = quat 0.627509 0 0 0.778609
        }
        SubNumber = 2
        Controller {
          ValPoint = point 1 1 1
        }
      }
      TargetAlignValues {
        ValFloat = 1
      }
      DigitParams {
        DigitSegParams {
          Controller {
            ClassIDs = ClassID 36872 8197 0 "Position/Rotation/Scale"
            Flags = 0
            SubNumber = 0
            Controller {
              ValPoint = point 0 0 0
            }
            SubNumber = 1
            Controller {
              ValQuat = quat 0 0 0 1
            }
            SubNumber = 2
            Controller {
              ValPoint = point 1 1 1
            }
          }
        }
      }
    }
  }
  SpineParams {
    HubParams {
      GroupWeights {
        ValFloat = 1
      }
      Controller {
        ClassIDs = ClassID 36872 8197 0 "Position/Rotation/Scale"
        Flags = 0
        SimpleKeys {
          ValKeyMatrix = KeyMatrix 0 2400 0.695974 0.254625 0.671406 -0.156098 0.966307 -0.204654 -0.700895 0.0376286 0.712271 -0.956818 -2.35136 -0.0335647
          ValKeyMatrix = KeyMatrix 0 4640 0.628214 0.25658 0.734515 -0.00538047 0.945469 -0.325669 -0.778022 0.200638 0.595337 -0.956818 -2.35136 -0.0335647
          ValKeyMatrix = KeyMatrix 0 9600 0.765325 0.244875 0.595243 -3.8148e-008 0.924801 -0.380451 -0.643644 0.291169 0.707773 -0.956818 -2.35136 -0.0335647
          ValKeyMatrix = KeyMatrix 0 12800 0.698472 0.259319 0.667001 -0.19168 0.965774 -0.174753 -0.68949 -0.00579052 0.724272 -0.956818 -2.35136 -0.0335647
          ValKeyMatrix = KeyMatrix 0 16000 0.754036 0.139797 0.641784 0.0338017 0.967534 -0.250468 -0.655963 0.210555 0.72483 -0.956818 -2.35136 -0.0335647
        }
        SubNumber = 0
        Controller {
          ClassIDs = ClassID 36875 294616578 4293796746 "Position XYZ"
          SubNumber = 0
          Controller {
            ClassIDs = ClassID 36867 8199 0 "Bezier Float"
            ORTIn = 1
            ORTOut = 1
            Keys {
              ValKeyBezFloat = KeyBezFloat 6912 0 -1.04163 0 0 -1 0.3333
              ValKeyBezFloat = KeyBezFloat 6912 2400 -0.956818 0 0 0.3333 -1
            }
          }
          SubNumber = 1
          Controller {
            ClassIDs = ClassID 36867 8199 0 "Bezier Float"
            ORTIn = 1
            ORTOut = 1
            Keys {
              ValKeyBezFloat = KeyBezFloat 6912 0 -4.85615 0 0 -1 0.3333
              ValKeyBezFloat = KeyBezFloat 6912 2400 -2.35136 0 0 0.3333 -1
            }
          }
          SubNumber = 2
          Controller {
            ClassIDs = ClassID 36867 8199 0 "Bezier Float"
            ORTIn = 1
            ORTOut = 1
            Keys {
              ValKeyBezFloat = KeyBezFloat 6912 0 -0.287774 0 0 -1 0.3333
              ValKeyBezFloat = KeyBezFloat 6912 2400 -0.0335647 0 0 0.3333 -1
            }
          }
        }
        SubNumber = 1
        Controller {
          ClassIDs = ClassID 36876 8210 0 "Euler XYZ"
          SubNumber = 0
          Controller {
            ClassIDs = ClassID 36867 8199 0 "Bezier Float"
            ORTIn = 1
            ORTOut = 1
            Keys {
              ValKeyBezFloat = KeyBezFloat 6912 0 -0.493221 0 0 -1 0.3333
              ValKeyBezFloat = KeyBezFloat 6912 2400 -0.279789 0 0 0.3333 0.3333
              ValKeyBezFloat = KeyBezFloat 6912 4640 -0.500562 0 0 0.3333 0.3333
              ValKeyBezFloat = KeyBezFloat 6927 9600 -0.493221 -3.47591e-006 3.47591e-006 0.3333 0.3333
              ValKeyBezFloat = KeyBezFloat 6912 12800 -0.236756 0 0 0.3333 0.3333
              ValKeyBezFloat = KeyBezFloat 6912 16000 -0.332708 0 0 0.3333 -1
            }
          }
          SubNumber = 1
          Controller {
            ClassIDs = ClassID 36867 8199 0 "Bezier Float"
            ORTIn = 1
            ORTOut = 1
            Keys {
              ValKeyBezFloat = KeyBezFloat 6912 0 -0.637568 0 0 -1 0.3333
              ValKeyBezFloat = KeyBezFloat 6912 2400 -0.736105 4.03846e-005 -4.03846e-005 0.3333 0.3333
              ValKeyBezFloat = KeyBezFloat 6912 4640 -0.824953 0 0 0.3333 0.3333
              ValKeyBezFloat = KeyBezFloat 6927 9600 -0.637568 0 0 0.3333 0.3333
              ValKeyBezFloat = KeyBezFloat 6912 12800 -0.730177 0 0 0.3333 0.3333
              ValKeyBezFloat = KeyBezFloat 6912 16000 -0.696822 0 0 0.3333 -1
            }
          }
          SubNumber = 2
          Controller {
            ClassIDs = ClassID 36867 8199 0 "Bezier Float"
            ORTIn = 1
            ORTOut = 1
            Keys {
              ValKeyBezFloat = KeyBezFloat 6912 0 0.309669 0 0 -1 0.3333
              ValKeyBezFloat = KeyBezFloat 6912 2400 0.350728 -1.6828e-005 1.6828e-005 0.3333 0.3333
              ValKeyBezFloat = KeyBezFloat 6912 4640 0.387751 0 0 0.3333 0.3333
              ValKeyBezFloat = KeyBezFloat 6927 9600 0.309669 0 0 0.3333 0.3333
              ValKeyBezFloat = KeyBezFloat 6912 12800 0.355493 0 0 0.3333 0.3333
              ValKeyBezFloat = KeyBezFloat 6912 16000 0.183317 0 0 0.3333 -1
            }
          }
        }
        SubNumber = 2
        Controller {
          ValPoint = point 1 1 1
        }
      }
      LimbParams {
        GroupWeights {
          ValFloat = 1
        }
        IKFKValues {
          ValFloat = 1
        }
        IKTargetValues {
          Controller {
            ClassIDs = ClassID 36872 8197 0 "Position/Rotation/Scale"
            Flags = 0
            SubNumber = 0
            Controller {
              ValPoint = point -24.2841 -23.7348 18.4054
            }
            SubNumber = 1
            Controller {
              ValQuat = quat 0.0818369 -0.0350354 0.733278 0.674076
            }
            SubNumber = 2
            Controller {
              ValPoint = point 1 1 1
            }
          }
        }
        CollarBone {
          Controller {
            ClassIDs = ClassID 36872 8197 0 "Position/Rotation/Scale"
            Flags = 0
            SubNumber = 0
            Controller {
              ValPoint = point 1.79797 3.99223 1.07158
            }
            SubNumber = 1
            Controller {
              ValQuat = quat -0.326244 0.126648 0.0441566 0.935722
            }
            SubNumber = 2
            Controller {
              ValPoint = point 1 1 1
            }
          }
        }
        LimbBone {
          Controller {
            ClassIDs = ClassID 36872 8197 0 "Position/Rotation/Scale"
            Flags = 0
            SimpleKeys {
              ValKeyMatrix = KeyMatrix 0 2400 0.066426 -0.111763 -0.991512 0.0251997 0.993578 -0.110308 0.997473 -0.0176584 0.0688158 0 0 0
              ValKeyMatrix = KeyMatrix 0 3520 0.30823 -0.518603 -0.797524 0.377518 0.836185 -0.397839 0.873198 -0.178454 0.453519 0 0 0
              ValKeyMatrix = KeyMatrix 0 4800 0.066426 -0.111763 -0.991512 0.0251997 0.993578 -0.110308 0.997473 -0.0176584 0.0688158 0 0 0
              ValKeyMatrix = KeyMatrix 0 5920 0.30823 -0.518603 -0.797524 0.377518 0.836185 -0.397839 0.873198 -0.178454 0.453519 0 0 0
              ValKeyMatrix = KeyMatrix 0 7040 0.066426 -0.111763 -0.991512 0.0251997 0.993578 -0.110308 0.997473 -0.0176584 0.0688158 0 0 0
              ValKeyMatrix = KeyMatrix 0 9600 0.736426 -0.359894 -0.572847 0.00665315 0.850569 -0.525821 0.676486 0.383417 0.628776 0 0 0
              ValKeyMatrix = KeyMatrix 0 13760 0.276598 -0.0377248 -0.960245 -0.441527 0.882529 -0.161853 0.85355 0.468742 0.227449 0 0 0
              ValKeyMatrix = KeyMatrix 0 16000 0.284102 -0.0699604 -0.956238 -0.323463 0.931871 -0.16428 0.902584 0.35598 0.242117 0 0 0
            }
            SubNumber = 0
            Controller {
              ValPoint = point 0 0 0
            }
            SubNumber = 1
            Controller {
              ClassIDs = ClassID 36876 8210 0 "Euler XYZ"
              SubNumber = 0
              Controller {
                ClassIDs = ClassID 36867 8199 0 "Bezier Float"
                ORTIn = 1
                ORTOut = 1
                Keys {
                  ValKeyBezFloat = KeyBezFloat 6912 0 -0.182927 0 0 -1 0.3333
                  ValKeyBezFloat = KeyBezFloat 6912 2400 -1.01302 0 0 0.3333 0.3333
                  ValKeyBezFloat = KeyBezFloat 6912 3520 -0.720089 0 0 0.3333 0.3333
                  ValKeyBezFloat = KeyBezFloat 6912 4800 -1.01302 0 0 0.3333 0.3333
                  ValKeyBezFloat = KeyBezFloat 2147490560 5920 -0.720089 0 0 0.3333 0.3333
                  ValKeyBezFloat = KeyBezFloat 6912 7040 -1.01302 0 0 0.3333 0.3333
                  ValKeyBezFloat = KeyBezFloat 6912 9600 -0.696464 -5.26091e-005 5.26091e-005 0.3333 0.3333
                  ValKeyBezFloat = KeyBezFloat 6912 13760 -0.618469 -1.56725e-005 1.56725e-005 0.3333 0.3333
                  ValKeyBezFloat = KeyBezFloat 6912 16000 -0.596159 0 0 0.3333 -1
                }
              }
              SubNumber = 1
              Controller {
                ClassIDs = ClassID 36867 8199 0 "Bezier Float"
                ORTIn = 1
                ORTOut = 1
                Keys {
                  ValKeyBezFloat = KeyBezFloat 6912 0 0.348222 0 0 -1 0.3333
                  ValKeyBezFloat = KeyBezFloat 6915 2400 1.44041 0 0 0.3333 0.3333
                  ValKeyBezFloat = KeyBezFloat 6915 3520 0.92318 0 0 0.3333 0.3333
                  ValKeyBezFloat = KeyBezFloat 6915 4800 1.44041 0 0 0.3333 0.3333
                  ValKeyBezFloat = KeyBezFloat 6915 5920 0.92318 0 0 0.3333 0.3333
                  ValKeyBezFloat = KeyBezFloat 2147490563 7040 1.44041 0 0 0.3333 0.3333
                  ValKeyBezFloat = KeyBezFloat 6912 9600 0.609975 0 0 0.3333 0.3333
                  ValKeyBezFloat = KeyBezFloat 6912 13760 1.28788 0 0 0.3333 0.3333
                  ValKeyBezFloat = KeyBezFloat 6912 16000 1.27386 0 0 0.3333 -1
                }
              }
              SubNumber = 2
              Controller {
                ClassIDs = ClassID 36867 8199 0 "Bezier Float"
                ORTIn = 1
                ORTOut = 1
                Keys {
                  ValKeyBezFloat = KeyBezFloat 6912 0 -0.413026 0 0 -1 0.3333
                  ValKeyBezFloat = KeyBezFloat 6912 2400 -1.03454 0 0 0.3333 0.3333
                  ValKeyBezFloat = KeyBezFloat 6912 4800 -1.03454 0 0 0.3333 0.3333
                  ValKeyBezFloat = KeyBezFloat 6912 7040 -1.03454 0 0 0.3333 0.3333
                  ValKeyBezFloat = KeyBezFloat 6912 9600 -0.454569 -0.000133779 0.000133779 0.3333 0.3333
                  ValKeyBezFloat = KeyBezFloat 6912 13760 -0.135552 0 0 0.3333 0.3333
                  ValKeyBezFloat = KeyBezFloat 6912 16000 -0.241447 0 0 0.3333 -1
                }
              }
            }
            SubNumber = 2
            Controller {
              ValPoint = point 1 1 1
            }
          }
        }
        LimbBone {
          Controller {
            ClassIDs = ClassID 36872 8197 0 "Position/Rotation/Scale"
            Flags = 0
            SimpleKeys {
              ValKeyMatrix = KeyMatrix 0 2400 0.435885 -0.875059 0.210418 -0.116117 -0.286522 -0.951011 0.89248 0.390098 -0.2265 0 0 0
              ValKeyMatrix = KeyMatrix 0 3520 0.435885 -0.875059 0.210418 0.446219 0.00708283 -0.894896 0.781597 0.483964 0.393555 0 0 0
              ValKeyMatrix = KeyMatrix 0 4800 0.435885 -0.875059 0.210418 -0.116117 -0.286522 -0.951011 0.89248 0.390098 -0.2265 0 0 0
              ValKeyMatrix = KeyMatrix 0 5920 0.435885 -0.875059 0.210418 0.446219 0.00708283 -0.894896 0.781597 0.483964 0.393555 0 0 0
              ValKeyMatrix = KeyMatrix 0 7040 0.435885 -0.875059 0.210418 -0.116117 -0.286522 -0.951011 0.89248 0.390098 -0.2265 0 0 0
              ValKeyMatrix = KeyMatrix 0 9600 0.885134 0.0312183 0.464288 0.445781 0.229319 -0.86527 -0.133482 0.972851 0.189061 0 0 0
              ValKeyMatrix = KeyMatrix 0 13760 0.135057 -0.976533 0.16776 -0.0389523 -0.174413 -0.983902 0.990072 0.126348 -0.061594 0 0 0
            }
            SubNumber = 0
            Controller {
              ValPoint = point 0 0 0
            }
            SubNumber = 1
            Controller {
              ClassIDs = ClassID 36876 8210 0 "Euler XYZ"
              SubNumber = 0
              Controller {
                ClassIDs = ClassID 36867 8199 0 "Bezier Float"
                ORTIn = 1
                ORTOut = 1
                Keys {
                  ValKeyBezFloat = KeyBezFloat 6912 0 -0.538125 0 0 -1 0.3333
                  ValKeyBezFloat = KeyBezFloat 6912 2400 -1.80461 0 0 0.3333 0.3333
                  ValKeyBezFloat = KeyBezFloat 6912 3520 -1.15648 0 0 0.3333 0.3333
                  ValKeyBezFloat = KeyBezFloat 6912 4800 -1.80461 0 0 0.3333 0.3333
                  ValKeyBezFloat = KeyBezFloat 6915 5920 -1.15648 0 0 0.3333 0.3333
                  ValKeyBezFloat = KeyBezFloat 6912 7040 -1.80461 0 0 0.3333 0.3333
                  ValKeyBezFloat = KeyBezFloat 6912 9600 -1.35568 0 0 0.3333 0.3333
                  ValKeyBezFloat = KeyBezFloat 6912 13760 -1.63332 0 0 0.3333 -1
                }
              }
              SubNumber = 1
              Controller {
                ClassIDs = ClassID 36867 8199 0 "Bezier Float"
                ORTIn = 1
                ORTOut = 1
                Keys {
                  ValKeyBezFloat = KeyBezFloat 6912 0 -0.0584583 0 0 -1 0.3333
                  ValKeyBezFloat = KeyBezFloat 6912 2400 -0.212002 0 0 0.3333 0.3333
                  ValKeyBezFloat = KeyBezFloat 6912 3520 -0.212002 0 0 0.3333 0.3333
                  ValKeyBezFloat = KeyBezFloat 6912 4800 -0.212002 0 0 0.3333 0.3333
                  ValKeyBezFloat = KeyBezFloat 2147490563 5920 -0.212002 0 0 0.3333 0.3333
                  ValKeyBezFloat = KeyBezFloat 6912 7040 -0.212002 0 0 0.3333 0.3333
                  ValKeyBezFloat = KeyBezFloat 6912 9600 -0.482831 0 0 0.3333 0.3333
                  ValKeyBezFloat = KeyBezFloat 6912 13760 -0.168557 0 0 0.3333 -1
                }
              }
              SubNumber = 2
              Controller {
                ClassIDs = ClassID 36867 8199 0 "Bezier Float"
                ORTIn = 1
                ORTOut = 1
                Keys {
                  ValKeyBezFloat = KeyBezFloat 6912 0 -0.21127 0 0 -1 0.3333
                  ValKeyBezFloat = KeyBezFloat 6912 2400 -1.10865 0 0 0.3333 0.3333
                  ValKeyBezFloat = KeyBezFloat 6912 3520 -1.10865 0 0 0.3333 0.3333
                  ValKeyBezFloat = KeyBezFloat 6912 4800 -1.10865 0 0 0.3333 0.3333
                  ValKeyBezFloat = KeyBezFloat 6915 5920 -1.10865 0 0 0.3333 0.3333
                  ValKeyBezFloat = KeyBezFloat 6912 7040 -1.10865 0 0 0.3333 0.3333
                  ValKeyBezFloat = KeyBezFloat 6912 9600 0.035255 0 0 0.3333 0.3333
                  ValKeyBezFloat = KeyBezFloat 6912 13760 -1.43337 0 0 0.3333 -1
                }
              }
            }
            SubNumber = 2
            Controller {
              ValPoint = point 1 1 1
            }
          }
        }
        Palm {
          GroupWeights {
            ValFloat = 1
          }
          Controller {
            ClassIDs = ClassID 36872 8197 0 "Position/Rotation/Scale"
            Flags = 0
            SimpleKeys {
              ValKeyMatrix = KeyMatrix 0 2720 0.141553 -0.875857 0.461342 0.981445 0.185057 0.0501934 -0.129337 0.445677 0.885802 0 0 0
              ValKeyMatrix = KeyMatrix 0 4000 0.190565 -0.912432 -0.362151 0.981445 0.185057 0.0501934 0.0212203 -0.364996 0.930767 0 0 0
              ValKeyMatrix = KeyMatrix 0 5120 0.141553 -0.875857 0.461342 0.981445 0.185057 0.0501934 -0.129337 0.445677 0.885802 0 0 0
              ValKeyMatrix = KeyMatrix 0 6240 0.190565 -0.912432 -0.362151 0.981445 0.185057 0.0501934 0.0212203 -0.364996 0.930767 0 0 0
              ValKeyMatrix = KeyMatrix 0 7360 0.141553 -0.875857 0.461342 0.981445 0.185057 0.0501934 -0.129337 0.445677 0.885802 0 0 0
              ValKeyMatrix = KeyMatrix 0 8480 0.190565 -0.912432 -0.362151 0.981445 0.185057 0.0501934 0.0212203 -0.364996 0.930767 0 0 0
              ValKeyMatrix = KeyMatrix 0 9600 0.693746 -0.71673 -0.0708119 0.593211 0.512882 0.620526 -0.408431 -0.472494 0.780982 0 0 0
              ValKeyMatrix = KeyMatrix 0 13760 0.320615 -0.316219 -0.892867 0.946491 0.0702403 0.314994 -0.0368919 -0.946082 0.321818 0 0 0
            }
            SubNumber = 0
            Controller {
              ValPoint = point 0 0 0
            }
            SubNumber = 1
            Controller {
              ClassIDs = ClassID 36876 8210 0 "Euler XYZ"
              SubNumber = 0
              Controller {
                ClassIDs = ClassID 36867 8199 0 "Bezier Float"
                ORTIn = 1
                ORTOut = 1
                Keys {
                  ValKeyBezFloat = KeyBezFloat 6912 0 0.671406 0 0 -1 0.3333
                  ValKeyBezFloat = KeyBezFloat 6912 2720 0.0566039 5.45921e-006 -5.45921e-006 0.3333 0.3333
                  ValKeyBezFloat = KeyBezFloat 6912 4000 0.0538747 0 0 0.3333 0.3333
                  ValKeyBezFloat = KeyBezFloat 6912 5120 0.0566039 0 0 0.3333 0.3333
                  ValKeyBezFloat = KeyBezFloat 6912 6240 0.0538747 0 0 0.3333 0.3333
                  ValKeyBezFloat = KeyBezFloat 6912 7360 0.0566039 0 0 0.3333 0.3333
                  ValKeyBezFloat = KeyBezFloat 6912 8480 0.0538747 0 0 0.3333 0.3333
                  ValKeyBezFloat = KeyBezFloat 6927 9600 0.671406 -4.9285e-005 4.9285e-005 0.3333 0.3333
                  ValKeyBezFloat = KeyBezFloat 6912 13760 0.774683 0 0 0.3333 -1
                }
              }
              SubNumber = 1
              Controller {
                ClassIDs = ClassID 36867 8199 0 "Bezier Float"
                ORTIn = 1
                ORTOut = 1
                Keys {
                  ValKeyBezFloat = KeyBezFloat 6912 0 0.0708712 0 0 -1 0.3333
                  ValKeyBezFloat = KeyBezFloat 6912 2720 -0.479507 0 0 0.3333 0.3333
                  ValKeyBezFloat = KeyBezFloat 6912 4000 0.370574 0 0 0.3333 0.3333
                  ValKeyBezFloat = KeyBezFloat 6912 5120 -0.479507 0 0 0.3333 0.3333
                  ValKeyBezFloat = KeyBezFloat 6912 6240 0.370574 0 0 0.3333 0.3333
                  ValKeyBezFloat = KeyBezFloat 6912 7360 -0.479507 0 0 0.3333 0.3333
                  ValKeyBezFloat = KeyBezFloat 6912 8480 0.370574 0 0 0.3333 0.3333
                  ValKeyBezFloat = KeyBezFloat 6927 9600 0.0708712 0 0 0.3333 0.3333
                  ValKeyBezFloat = KeyBezFloat 6912 13760 1.10367 0 0 0.3333 -1
                }
              }
              SubNumber = 2
              Controller {
                ClassIDs = ClassID 36867 8199 0 "Bezier Float"
                ORTIn = 1
                ORTOut = 1
                Keys {
                  ValKeyBezFloat = KeyBezFloat 6912 0 -0.801692 0 0 -1 0.3333
                  ValKeyBezFloat = KeyBezFloat 6912 2720 -1.41056 0 0 0.3333 0.3333
                  ValKeyBezFloat = KeyBezFloat 6912 4000 -1.3649 0 0 0.3333 0.3333
                  ValKeyBezFloat = KeyBezFloat 6912 5120 -1.41056 0 0 0.3333 0.3333
                  ValKeyBezFloat = KeyBezFloat 6912 6240 -1.3649 0 0 0.3333 0.3333
                  ValKeyBezFloat = KeyBezFloat 6912 7360 -1.41056 0 0 0.3333 0.3333
                  ValKeyBezFloat = KeyBezFloat 6912 8480 -1.3649 -0.000111567 0.000111567 0.3333 0.3333
                  ValKeyBezFloat = KeyBezFloat 6927 9600 -0.801692 -9.87448e-006 9.87448e-006 0.3333 0.3333
                  ValKeyBezFloat = KeyBezFloat 6912 13760 -0.778494 0 0 0.3333 -1
                }
              }
            }
            SubNumber = 2
            Controller {
              ValPoint = point 1 1 1
            }
          }
          TargetAlignValues {
            ValFloat = 1
          }
          DigitParams {
            DigitSegParams {
              Controller {
                ClassIDs = ClassID 36872 8197 0 "Position/Rotation/Scale"
                Flags = 0
                SimpleKeys {
                  ValKeyMatrix = KeyMatrix 0 11040 0.490975 0.235191 0.838826 -0.630307 0.760577 0.155675 -0.601379 -0.605151 0.521667 0 0 0
                  ValKeyMatrix = KeyMatrix 0 13760 0.498827 0.474064 0.725559 -0.269245 0.88049 -0.390185 -0.82382 -0.000718057 0.566851 0 0 0
                }
                SubNumber = 0
                Controller {
                  ValPoint = point 0 0 0
                }
                SubNumber = 1
                Controller {
                  ClassIDs = ClassID 36876 8210 0 "Euler XYZ"
                  SubNumber = 0
                  Controller {
                    ClassIDs = ClassID 36867 8199 0 "Bezier Float"
                    ORTIn = 1
                    ORTOut = 1
                    Keys {
                      ValKeyBezFloat = KeyBezFloat 6927 11040 0.290006 0 0 -1 0.3333
                      ValKeyBezFloat = KeyBezFloat 6912 13760 -0.602855 0 0 0.3333 -1
                    }
                  }
                  SubNumber = 1
                  Controller {
                    ClassIDs = ClassID 36867 8199 0 "Bezier Float"
                    ORTIn = 1
                    ORTOut = 1
                    Keys {
                      ValKeyBezFloat = KeyBezFloat 6927 11040 -0.995123 0 0 -1 0.3333
                      ValKeyBezFloat = KeyBezFloat 6912 13760 -0.811846 0 0 0.3333 -1
                    }
                  }
                  SubNumber = 2
                  Controller {
                    ClassIDs = ClassID 36867 8199 0 "Bezier Float"
                    ORTIn = 1
                    ORTOut = 1
                    Keys {
                      ValKeyBezFloat = KeyBezFloat 6927 11040 0.446729 0 0 -1 0.3333
                      ValKeyBezFloat = KeyBezFloat 6912 13760 0.75995 0 0 0.3333 -1
                    }
                  }
                }
                SubNumber = 2
                Controller {
                  ValPoint = point 1 1 1
                }
              }
            }
            DigitSegParams {
              Controller {
                ClassIDs = ClassID 36872 8197 0 "Position/Rotation/Scale"
                Flags = 0
                SimpleKeys {
                  ValKeyMatrix = KeyMatrix 0 11040 0.949413 0.0812769 -0.30333 1.87409e-008 0.965926 0.258819 0.31403 -0.245726 0.917063 0 0 0
                  ValKeyMatrix = KeyMatrix 0 13760 0.986919 -0.0151719 0.160504 0.0599921 0.958628 -0.278268 -0.149641 0.284257 0.946998 0 0 0
                }
                SubNumber = 0
                Controller {
                  ValPoint = point 0 0 0
                }
                SubNumber = 1
                Controller {
                  ClassIDs = ClassID 36876 8210 0 "Euler XYZ"
                  SubNumber = 0
                  Controller {
                    ClassIDs = ClassID 36867 8199 0 "Bezier Float"
                    ORTIn = 1
                    ORTOut = 1
                    Keys {
                      ValKeyBezFloat = KeyBezFloat 6927 11040 0.275072 0 0 -1 0.3333
                      ValKeyBezFloat = KeyBezFloat 6912 13760 -0.285798 0 0 0.3333 -1
                    }
                  }
                  SubNumber = 1
                  Controller {
                    ClassIDs = ClassID 36867 8199 0 "Bezier Float"
                    ORTIn = 1
                    ORTOut = 1
                    Keys {
                      ValKeyBezFloat = KeyBezFloat 6927 11040 0.308185 0 0 -1 0.3333
                      ValKeyBezFloat = KeyBezFloat 6912 13760 -0.161201 0 0 0.3333 -1
                    }
                  }
                  SubNumber = 2
                  Controller {
                    ClassIDs = ClassID 36867 8199 0 "Bezier Float"
                    ORTIn = 1
                    ORTOut = 1
                    Keys {
                      ValKeyBezFloat = KeyBezFloat 6927 11040 0.0853993 0 0 -1 0.3333
                      ValKeyBezFloat = KeyBezFloat 6912 13760 -0.0153718 0 0 0.3333 -1
                    }
                  }
                }
                SubNumber = 2
                Controller {
                  ValPoint = point 1 1 1
                }
              }
            }
            DigitSegParams {
              Controller {
                ClassIDs = ClassID 36872 8197 0 "Position/Rotation/Scale"
                Flags = 0
                SimpleKeys {
                  ValKeyMatrix = KeyMatrix 0 11040 1 0 0 0 0.907087 -0.420943 0 0.420943 0.907087 0 0 0
                  ValKeyMatrix = KeyMatrix 0 13760 0.991509 -0.0122373 0.12946 0.0891671 0.78863 -0.608369 -0.094651 0.614747 0.783025 0 0 0
                }
                SubNumber = 0
                Controller {
                  ValPoint = point 0 0 0
                }
                SubNumber = 1
                Controller {
                  ClassIDs = ClassID 36876 8210 0 "Euler XYZ"
                  SubNumber = 0
                  Controller {
                    ClassIDs = ClassID 36867 8199 0 "Bezier Float"
                    ORTIn = 1
                    ORTOut = 1
                    Keys {
                      ValKeyBezFloat = KeyBezFloat 6927 11040 -0.434484 0 0 -1 0.3333
                      ValKeyBezFloat = KeyBezFloat 6912 13760 -0.660525 0 0 0.3333 -1
                    }
                  }
                  SubNumber = 1
                  Controller {
                    ClassIDs = ClassID 36867 8199 0 "Bezier Float"
                    ORTIn = 1
                    ORTOut = 1
                    Keys {
                      ValKeyBezFloat = KeyBezFloat 6927 11040 0 0 0 -1 0.3333
                      ValKeyBezFloat = KeyBezFloat 6912 13760 -0.129824 0 0 0.3333 -1
                    }
                  }
                  SubNumber = 2
                  Controller {
                    ClassIDs = ClassID 36867 8199 0 "Bezier Float"
                    ORTIn = 1
                    ORTOut = 1
                    Keys {
                      ValKeyBezFloat = KeyBezFloat 6927 11040 0 0 0 -1 0.3333
                      ValKeyBezFloat = KeyBezFloat 6912 13760 -0.0123415 0 0 0.3333 -1
                    }
                  }
                }
                SubNumber = 2
                Controller {
                  ValPoint = point 1 1 1
                }
              }
            }
          }
          DigitParams {
            DigitSegParams {
              Controller {
                ClassIDs = ClassID 36872 8197 0 "Position/Rotation/Scale"
                Flags = 0
                SimpleKeys {
                  ValKeyMatrix = KeyMatrix 0 11040 0.900527 0.324744 0.289123 -0.380658 0.910181 0.163311 -0.21012 -0.257123 0.943259 0 0 0
                  ValKeyMatrix = KeyMatrix 0 13760 0.998115 0.0613074 -0.00278997 -1.48822e-008 0.0454611 0.998966 0.0613708 -0.997083 0.0453754 0 0 0
                }
                SubNumber = 0
                Controller {
                  ValPoint = point 0 0 0
                }
                SubNumber = 1
                Controller {
                  ClassIDs = ClassID 36876 8210 0 "Euler XYZ"
                  SubNumber = 0
                  Controller {
                    ClassIDs = ClassID 36867 8199 0 "Bezier Float"
                    ORTIn = 1
                    ORTOut = 1
                    Keys {
                      ValKeyBezFloat = KeyBezFloat 6927 11040 0.171435 0 0 -1 0.3333
                      ValKeyBezFloat = KeyBezFloat 6912 13760 1.52541 0 0 0.3333 -1
                    }
                  }
                  SubNumber = 1
                  Controller {
                    ClassIDs = ClassID 36867 8199 0 "Bezier Float"
                    ORTIn = 1
                    ORTOut = 1
                    Keys {
                      ValKeyBezFloat = KeyBezFloat 6927 11040 -0.29331 0 0 -1 0.3333
                      ValKeyBezFloat = KeyBezFloat 6912 13760 0.00278997 0 0 0.3333 -1
                    }
                  }
                  SubNumber = 2
                  Controller {
                    ClassIDs = ClassID 36867 8199 0 "Bezier Float"
                    ORTIn = 1
                    ORTOut = 1
                    Keys {
                      ValKeyBezFloat = KeyBezFloat 6927 11040 0.346101 0 0 -1 0.3333
                      ValKeyBezFloat = KeyBezFloat 6912 13760 0.0613461 0 0 0.3333 -1
                    }
                  }
                }
                SubNumber = 2
                Controller {
                  ValPoint = point 1 1 1
                }
              }
            }
            DigitSegParams {
              Controller {
                ClassIDs = ClassID 36872 8197 0 "Position/Rotation/Scale"
                Flags = 0
                SimpleKeys {
                  ValKeyMatrix = KeyMatrix 0 11040 1 2.38213e-009 -4.22888e-009 -1.20644e-009 0.965926 0.258819 4.70133e-009 -0.258819 0.965926 0 0 0
                  ValKeyMatrix = KeyMatrix 0 13760 1 2.38213e-009 -7.225e-010 -2.57063e-010 0.387515 0.921864 2.47598e-009 -0.921864 0.387515 0 0 0
                }
                SubNumber = 0
                Controller {
                  ValPoint = point 0 0 0
                }
                SubNumber = 1
                Controller {
                  ClassIDs = ClassID 36876 8210 0 "Euler XYZ"
                  SubNumber = 0
                  Controller {
                    ClassIDs = ClassID 36867 8199 0 "Bezier Float"
                    ORTIn = 1
                    ORTOut = 1
                    Keys {
                      ValKeyBezFloat = KeyBezFloat 6927 11040 0.261799 0 0 -1 0.3333
                      ValKeyBezFloat = KeyBezFloat 6912 13760 1.17286 0 0 0.3333 -1
                    }
                  }
                  SubNumber = 1
                  Controller {
                    ClassIDs = ClassID 36867 8199 0 "Bezier Float"
                    ORTIn = 1
                    ORTOut = 1
                    Keys {
                      ValKeyBezFloat = KeyBezFloat 6927 11040 4.22888e-009 0 0 -1 0.3333
                      ValKeyBezFloat = KeyBezFloat 6912 13760 7.225e-010 0 0 0.3333 -1
                    }
                  }
                  SubNumber = 2
                  Controller {
                    ClassIDs = ClassID 36867 8199 0 "Bezier Float"
                    ORTIn = 1
                    ORTOut = 1
                    Keys {
                      ValKeyBezFloat = KeyBezFloat 6927 11040 2.38213e-009 0 0 -1 0.3333
                      ValKeyBezFloat = KeyBezFloat 6912 13760 2.38213e-009 0 0 0.3333 -1
                    }
                  }
                }
                SubNumber = 2
                Controller {
                  ValPoint = point 1 1 1
                }
              }
            }
