# CAT Character Animation Clip exported from 3dsmax on Tue Aug 30 21:22:39 2005

Version = 2000
LengthAxis = 2
ClipLength = -1
Units = 0.3
PathNodeGuess = matrix -1 -2.53518e-006 3.93014e-015 2.53518e-006 -1 -8.75402e-008 2.2586e-013 -8.75402e-008 1 4.61667e-006 20.956 -2.78731
NLAInfo {
  ValLayerInfo = LayerInfo 1 6193993 "BackFlip"
  Weights {
    ValFloat = 1
  }
  TimeWarp {
    ClassIDs = ClassID 36867 8193 0 "Linear Float"
    ORTIn = 5
    ORTOut = 5
    RangeStart = 0
    RangeEnd = 16000
    Keys {
      ValKeyLinFloat = KeyLinFloat 0 0 0
      ValKeyLinFloat = KeyLinFloat 0 16000 16000
    }
  }
  Controller {
    ClassIDs = ClassID 36872 8197 0 "Position/Rotation/Scale"
    Flags = 0
    SubNumber = 0
    Controller {
      ValPoint = point 0 0 0
    }
    SubNumber = 1
    Controller {
      ValQuat = quat 0 0 0 1
    }
    SubNumber = 2
    Controller {
      ValPoint = point 1 1 1
    }
  }
}
Hub {
  GroupWeights {
    ValFloat = 1
  }
  DangleRatio {
    ValFloat = 1
  }
  Controller {
    ClassIDs = ClassID 36872 8197 0 "Position/Rotation/Scale"
    Flags = 0
    SimpleKeys {
      ValKeyMatrix = KeyMatrix 0 0 -1 -2.53518e-006 0 2.48381e-006 -0.979736 0.200294 -5.07782e-007 0.200294 0.979736 -2.93723e-007 22.8929 28.9656
      ValKeyMatrix = KeyMatrix 0 1600 -1 -2.53518e-006 0 2.48381e-006 -0.979736 0.200294 -5.07782e-007 0.200294 0.979736 -2.93723e-007 26.0241 27.7867
      ValKeyMatrix = KeyMatrix 0 4800 -1 -2.53518e-006 0 2.34501e-006 -0.924989 -0.379994 9.63354e-007 -0.379994 0.924989 -2.93723e-007 21.2885 17.3671
      ValKeyMatrix = KeyMatrix 0 8000 -1 -2.53518e-006 0 2.52862e-006 -0.997411 0.071915 -1.82318e-007 0.071915 0.997411 -2.93723e-007 34.7631 32.0518
      ValKeyMatrix = KeyMatrix 0 9920 -1 -2.53518e-006 0 1.49148e-006 -0.588315 0.808632 -2.05003e-006 0.808632 0.588315 -2.93723e-007 44.6783 37.9822
      ValKeyMatrix = KeyMatrix 0 10400 -1 -2.53518e-006 0 7.85167e-007 -0.309708 0.950832 -2.41053e-006 0.950832 0.309708 -2.93723e-007 47.6966 37.2373
      ValKeyMatrix = KeyMatrix 0 12000 -1 -2.53518e-006 0 -2.42982e-006 0.95844 0.285294 -7.23271e-007 0.285294 -0.95844 -2.93723e-007 61.2654 29.3709
      ValKeyMatrix = KeyMatrix 0 14400 -1 -2.53518e-006 0 1.88372e-006 -0.743033 -0.669255 1.69668e-006 -0.669255 0.743033 -2.93723e-007 72.2779 26.0527
      ValKeyMatrix = KeyMatrix 0 16000 -1 -2.53518e-006 0 2.52225e-006 -0.9949 0.100863 -2.55706e-007 0.100863 0.9949 -2.93723e-007 82.0239 18.8728
      ValKeyMatrix = KeyMatrix 0 17600 -1 -2.53518e-006 0 2.53349e-006 -0.999332 -0.0365322 9.26158e-008 -0.0365322 0.999332 -2.93723e-007 86.6248 18.2948
      ValKeyMatrix = KeyMatrix 0 19200 -1 -2.53518e-006 0 2.49685e-006 -0.98488 -0.173237 4.39187e-007 -0.173237 0.98488 -2.93723e-007 89.0921 24.3064
      ValKeyMatrix = KeyMatrix 0 19680 -1 -2.53518e-006 0 2.49795e-006 -0.985316 -0.170744 4.32866e-007 -0.170744 0.985316 -2.94923e-007 89.3313 26.8056
      ValKeyMatrix = KeyMatrix 0 24000 -1 -2.53518e-006 0 2.5263e-006 -0.996498 -0.0836175 2.11986e-007 -0.0836175 0.996498 -3.36585e-007 90.1013 30.0495
    }
    SubNumber = 0
    Controller {
      ClassIDs = ClassID 36875 294616578 4293796746 "Position XYZ"
      SubNumber = 0
      Controller {
        ClassIDs = ClassID 36867 8199 0 "Bezier Float"
        ORTIn = 1
        ORTOut = 1
        RangeStart = 0
        RangeEnd = 24000
        Keys {
          ValKeyBezFloat = KeyBezFloat 6912 0 -2.93723e-007 0 0 -1 0.3333
          ValKeyBezFloat = KeyBezFloat 6912 1600 -2.93723e-007 0 0 0.3333 0.3333
          ValKeyBezFloat = KeyBezFloat 6912 4800 -2.93723e-007 0 0 0.3333 0.3333
          ValKeyBezFloat = KeyBezFloat 6912 8000 -2.93723e-007 0 0 0.3333 0.3333
          ValKeyBezFloat = KeyBezFloat 6912 10400 -2.93723e-007 0 0 0.3333 0.3333
          ValKeyBezFloat = KeyBezFloat 6912 12000 -2.93723e-007 0 0 0.3333 0.3333
          ValKeyBezFloat = KeyBezFloat 6912 14400 -2.93723e-007 0 0 0.3333 0.3333
          ValKeyBezFloat = KeyBezFloat 6912 16000 -2.93723e-007 0 0 0.3333 0.3333
          ValKeyBezFloat = KeyBezFloat 6912 17600 -2.93723e-007 0 0 0.3333 0.3333
          ValKeyBezFloat = KeyBezFloat 6912 19200 -2.93723e-007 0 0 0.3333 0.3333
          ValKeyBezFloat = KeyBezFloat 6912 24000 -3.36585e-007 0 0 0.3333 -1
        }
      }
      SubNumber = 1
      Controller {
        ClassIDs = ClassID 36867 8199 0 "Bezier Float"
        ORTIn = 1
        ORTOut = 1
        RangeStart = 0
        RangeEnd = 24000
        Keys {
          ValKeyBezFloat = KeyBezFloat 6912 0 22.8929 0 0 -1 0.3333
          ValKeyBezFloat = KeyBezFloat 6912 1600 26.0241 0 0 0.3333 0.3333
          ValKeyBezFloat = KeyBezFloat 6912 4800 21.2885 0 0 0.3333 0.3333
          ValKeyBezFloat = KeyBezFloat 6912 8000 34.7631 -0.00471574 0.00471574 0.3333 0.3333
          ValKeyBezFloat = KeyBezFloat 6912 10400 47.6966 -0.00662557 0.00662557 0.3333 0.3333
          ValKeyBezFloat = KeyBezFloat 6912 12000 61.2654 -0.00614532 0.00614532 0.3333 0.3333
          ValKeyBezFloat = KeyBezFloat 6912 14400 72.2779 -0.00518963 0.00518963 0.3333 0.3333
          ValKeyBezFloat = KeyBezFloat 6912 16000 82.0239 -0.0044834 0.0044834 0.3333 0.3333
          ValKeyBezFloat = KeyBezFloat 6912 17600 86.6248 -0.00220881 0.00220881 0.3333 0.3333
          ValKeyBezFloat = KeyBezFloat 2147490560 19200 89.0921 -0.000542427 0.000542427 0.3333 0.3333
          ValKeyBezFloat = KeyBezFloat 6912 24000 90.1013 0 0 0.3333 -1
        }
      }
      SubNumber = 2
      Controller {
        ClassIDs = ClassID 36867 8199 0 "Bezier Float"
        ORTIn = 1
        ORTOut = 1
        RangeStart = 0
        RangeEnd = 24000
        Keys {
          ValKeyBezFloat = KeyBezFloat 6912 0 28.9656 0 0 -1 0.3333
          ValKeyBezFloat = KeyBezFloat 6912 1600 27.7867 0.00210942 -0.00210942 0.3333 0.3333
          ValKeyBezFloat = KeyBezFloat 5760 4800 17.3671 0.00128718 -0.00128718 0.3333 0.292041
          ValKeyBezFloat = KeyBezFloat 5760 8000 32.0518 -0.00621639 0.00621639 0.3333 0.3333
          ValKeyBezFloat = KeyBezFloat 5760 9920 37.9822 0.000421879 -0.000421879 0.3333 0.493501
          ValKeyBezFloat = KeyBezFloat 5760 12000 29.3709 0.0019064 -0.0019064 0.3333 0.508065
          ValKeyBezFloat = KeyBezFloat 5763 14400 26.0527 0.00377019 -0.00377019 0.255627 0.3333
          ValKeyBezFloat = KeyBezFloat 5760 16000 18.8728 0.00298106 -0.00298106 0.3333 0.318646
          ValKeyBezFloat = KeyBezFloat 5760 17600 18.2948 -0.00255862 0.00255862 0.3333 0.3333
          ValKeyBezFloat = KeyBezFloat 5760 19680 26.8056 -0.00551602 0.00551602 0.3333 0.354466
          ValKeyBezFloat = KeyBezFloat 6912 24000 30.0495 0 0 0.3333 -1
        }
      }
    }
    SubNumber = 1
    Controller {
      ClassIDs = ClassID 36876 8210 0 "Euler XYZ"
      SubNumber = 0
      Controller {
        ClassIDs = ClassID 36867 8199 0 "Bezier Float"
        ORTIn = 1
        ORTOut = 1
        RangeStart = 1600
        RangeEnd = 24000
        Keys {
          ValKeyBezFloat = KeyBezFloat 6912 1600 0.201658 0 0 -1 0.3333
          ValKeyBezFloat = KeyBezFloat 6912 4800 -0.38979 0 0 0.3333 0.3333
          ValKeyBezFloat = KeyBezFloat 6912 8000 0.0719771 -0.000293875 0.000293875 0.3333 0.3333
          ValKeyBezFloat = KeyBezFloat 6912 10400 1.25591 -0.000695076 0.000695076 0.3333 0.3333
          ValKeyBezFloat = KeyBezFloat 2147490560 12000 2.85228 -0.00107352 0.00107352 0.3333 0.3333
          ValKeyBezFloat = KeyBezFloat 5760 14400 5.54998 -0.00121203 0.00121203 0.3333 0.3333
          ValKeyBezFloat = KeyBezFloat 6912 16000 6.38422 0 0 0.3333 0.3333
          ValKeyBezFloat = KeyBezFloat 6912 19200 6.10907 0 0 0.3333 0.3333
          ValKeyBezFloat = KeyBezFloat 6912 24000 6.19947 0 0 0.3333 -1
        }
      }
      SubNumber = 1
      Controller {
        ClassIDs = ClassID 36867 8199 0 "Bezier Float"
        ORTIn = 1
        ORTOut = 1
        RangeStart = 1600
        RangeEnd = 24000
        Keys {
          ValKeyBezFloat = KeyBezFloat 6912 1600 0 0 0 -1 0.3333
          ValKeyBezFloat = KeyBezFloat 6912 4800 0 0 0 0.3333 0.3333
          ValKeyBezFloat = KeyBezFloat 6912 8000 0 0 0 0.3333 0.3333
          ValKeyBezFloat = KeyBezFloat 6912 10400 0 0 0 0.3333 0.3333
          ValKeyBezFloat = KeyBezFloat 6912 12000 0 0 0 0.3333 0.3333
          ValKeyBezFloat = KeyBezFloat 6912 14400 0 0 0 0.3333 0.3333
          ValKeyBezFloat = KeyBezFloat 6912 16000 0 0 0 0.3333 0.3333
          ValKeyBezFloat = KeyBezFloat 6912 19200 0 0 0 0.3333 0.3333
          ValKeyBezFloat = KeyBezFloat 6912 24000 0 0 0 0.3333 -1
        }
      }
      SubNumber = 2
      Controller {
        ClassIDs = ClassID 36867 8199 0 "Bezier Float"
        ORTIn = 1
        ORTOut = 1
        RangeStart = 1600
        RangeEnd = 24000
        Keys {
          ValKeyBezFloat = KeyBezFloat 6912 1600 -3.14159 0 0 -1 0.3333
          ValKeyBezFloat = KeyBezFloat 6912 4800 -3.14159 0 0 0.3333 0.3333
          ValKeyBezFloat = KeyBezFloat 6912 8000 -3.14159 0 0 0.3333 0.3333
          ValKeyBezFloat = KeyBezFloat 6912 10400 -3.14159 0 0 0.3333 0.3333
          ValKeyBezFloat = KeyBezFloat 6912 12000 -3.14159 0 0 0.3333 0.3333
          ValKeyBezFloat = KeyBezFloat 6912 14400 -3.14159 0 0 0.3333 0.3333
          ValKeyBezFloat = KeyBezFloat 6912 16000 -3.14159 0 0 0.3333 0.3333
          ValKeyBezFloat = KeyBezFloat 6912 19200 -3.14159 0 0 0.3333 0.3333
          ValKeyBezFloat = KeyBezFloat 6912 24000 -3.14159 0 0 0.3333 -1
        }
      }
    }
    SubNumber = 2
    Controller {
      ValPoint = point 1 1 1
    }
  }
  Limb {
    GroupWeights {
      ValFloat = 1
    }
    IKFKValues {
      ClassIDs = ClassID 36867 8199 0 "Bezier Float"
      ORTIn = 1
      ORTOut = 1
      RangeStart = 0
      RangeEnd = 14400
      Keys {
        ValKeyBezFloat = KeyBezFloat 6912 0 0 0 0 -1 0.3333
        ValKeyBezFloat = KeyBezFloat 6912 8000 0 0 0 0.3333 0.3333
        ValKeyBezFloat = KeyBezFloat 6912 9600 1 0 0 0.3333 0.3333
        ValKeyBezFloat = KeyBezFloat 6912 12800 1 0 0 0.3333 0.3333
        ValKeyBezFloat = KeyBezFloat 6915 14400 0 0 0 0.3333 -1
      }
    }
    IKTargetValues {
      Controller {
        ClassIDs = ClassID 36872 8197 0 "Position/Rotation/Scale"
        Flags = 0
        SimpleKeys {
          ValKeyMatrix = KeyMatrix 0 8160 -0.987958 -0.154719 0 0.154719 -0.987958 0 0 0 1 5.87523 31.6808 -3.22074e-008
          ValKeyMatrix = KeyMatrix 0 9120 -0.987958 -0.154719 0 0.10996 -0.702154 -0.703483 0.108842 -0.695012 0.710712 5.87523 30.4376 8.84447
          ValKeyMatrix = KeyMatrix 0 10400 -0.987958 -0.154719 0 0.141601 -0.904196 -0.402963 0.0623459 -0.398111 0.915216 5.87523 28.5222 28.6444
          ValKeyMatrix = KeyMatrix 0 12000 -0.987958 -0.154719 0 0.013323 -0.0850741 0.996285 -0.154144 0.984289 0.0861111 5.87523 45.7928 39.6832
          ValKeyMatrix = KeyMatrix 0 13280 -0.987958 -0.154719 0 -0.148397 0.947594 -0.28292 0.0437731 -0.279514 -0.959143 5.87523 79.5856 49.982
          ValKeyMatrix = KeyMatrix 0 14880 -0.987958 -0.154719 0 0.154719 -0.987958 4.46638e-006 -6.91033e-007 4.4126e-006 1 5.99449 88.5246 0
        }
        SubNumber = 0
        Controller {
          ClassIDs = ClassID 36875 294616578 4293796746 "Position XYZ"
          SubNumber = 0
          Controller {
            ClassIDs = ClassID 36867 8199 0 "Bezier Float"
            ORTIn = 1
            ORTOut = 1
            RangeStart = 8160
            RangeEnd = 14880
            Keys {
              ValKeyBezFloat = KeyBezFloat 6927 8160 5.87523 0 0 -1 0.3333
              ValKeyBezFloat = KeyBezFloat 6912 10400 5.87523 0 0 0.3333 0.3333
              ValKeyBezFloat = KeyBezFloat 6912 12000 5.87523 0 0 0.3333 0.3333
              ValKeyBezFloat = KeyBezFloat 6912 13280 5.87523 0 0 0.3333 0.3333
              ValKeyBezFloat = KeyBezFloat 6912 14880 5.99449 0 0 0.3333 -1
            }
          }
          SubNumber = 1
          Controller {
            ClassIDs = ClassID 36867 8199 0 "Bezier Float"
            ORTIn = 1
            ORTOut = 1
            RangeStart = 8160
            RangeEnd = 14880
            Keys {
              ValKeyBezFloat = KeyBezFloat 6927 8160 31.6808 0 0 -1 0.3333
              ValKeyBezFloat = KeyBezFloat 6912 10400 28.5222 0 0 0.3333 0.3333
              ValKeyBezFloat = KeyBezFloat 6912 12000 45.7928 -0.0177303 0.0177303 0.3333 0.3333
              ValKeyBezFloat = KeyBezFloat 6912 13280 79.5856 -0.0148374 0.0148374 0.3333 0.3333
              ValKeyBezFloat = KeyBezFloat 6912 14880 88.5246 0 0 0.3333 -1
            }
          }
          SubNumber = 2
          Controller {
            ClassIDs = ClassID 36867 8199 0 "Bezier Float"
            ORTIn = 1
            ORTOut = 1
            RangeStart = 8160
            RangeEnd = 14880
            Keys {
              ValKeyBezFloat = KeyBezFloat 6927 8160 -3.22074e-008 0 0 -1 0.3333
              ValKeyBezFloat = KeyBezFloat 6912 10400 28.6444 -0.0103342 0.0103342 0.3333 0.3333
              ValKeyBezFloat = KeyBezFloat 6912 12000 39.6832 -0.00740886 0.00740886 0.3333 0.3333
              ValKeyBezFloat = KeyBezFloat 6912 13280 49.982 0 0 0.3333 0.3333
              ValKeyBezFloat = KeyBezFloat 6912 14880 0 0 0 0.3333 -1
            }
          }
        }
        SubNumber = 1
        Controller {
          ClassIDs = ClassID 36876 8210 0 "Euler XYZ"
          SubNumber = 0
          Controller {
            ClassIDs = ClassID 36867 8199 0 "Bezier Float"
            ORTIn = 1
            ORTOut = 1
            RangeStart = 8160
            RangeEnd = 14880
            Keys {
              ValKeyBezFloat = KeyBezFloat 6927 8160 0 0 0 -1 0.3333
              ValKeyBezFloat = KeyBezFloat 6912 9120 -0.780286 0 0 0.3333 0.3333
              ValKeyBezFloat = KeyBezFloat 6912 10400 -0.414752 -0.000789242 0.000789242 0.3333 0.3333
              ValKeyBezFloat = KeyBezFloat 6912 13280 3.42843 -0.00149508 0.00149508 0.3333 0.3333
              ValKeyBezFloat = KeyBezFloat 6912 14880 6.28319 0 0 0.3333 -1
            }
          }
          SubNumber = 1
          Controller {
            ClassIDs = ClassID 36867 8199 0 "Bezier Float"
            ORTIn = 1
            ORTOut = 1
            RangeStart = 8160
            RangeEnd = 14880
            Keys {
              ValKeyBezFloat = KeyBezFloat 6927 8160 0 0 0 -1 0.3333
              ValKeyBezFloat = KeyBezFloat 6912 9120 0 0 0 0.3333 0.3333
              ValKeyBezFloat = KeyBezFloat 6912 10400 0 0 0 0.3333 0.3333
              ValKeyBezFloat = KeyBezFloat 6912 13280 0 0 0 0.3333 0.3333
              ValKeyBezFloat = KeyBezFloat 6912 14880 0 0 0 0.3333 -1
            }
          }
          SubNumber = 2
          Controller {
            ClassIDs = ClassID 36867 8199 0 "Bezier Float"
            ORTIn = 1
            ORTOut = 1
            RangeStart = 8160
            RangeEnd = 14880
            Keys {
              ValKeyBezFloat = KeyBezFloat 6927 8160 -2.98625 0 0 -1 0.3333
              ValKeyBezFloat = KeyBezFloat 6912 9120 -2.98625 0 0 0.3333 0.3333
              ValKeyBezFloat = KeyBezFloat 6912 10400 -2.98625 0 0 0.3333 0.3333
              ValKeyBezFloat = KeyBezFloat 6912 13280 -2.98625 0 0 0.3333 0.3333
              ValKeyBezFloat = KeyBezFloat 6912 14880 -2.98625 0 0 0.3333 -1
            }
          }
        }
        SubNumber = 2
        Controller {
          ValPoint = point 1 1 1
        }
      }
    }
    LimbBone {
      Controller {
        ClassIDs = ClassID 36872 8197 0 "Position/Rotation/Scale"
        Flags = 0
        SimpleKeys {
          ValKeyMatrix = KeyMatrix 0 9600 0.91277 -0.404728 -0.0551803 0.157684 0.473747 -0.86643 0.37681 0.78215 0.496241 3.54495 0.453813 -0.0657825
          ValKeyMatrix = KeyMatrix 0 10544 0.961049 -0.224469 -0.161239 0.0629251 0.745794 -0.663199 0.269118 0.62722 0.730869 3.54495 0.453813 -0.0657825
          ValKeyMatrix = KeyMatrix 0 12000 0.987054 -0.118396 -0.108195 0.125762 0.989996 0.0639761 0.0995377 -0.0767547 0.992068 3.54495 0.453813 -0.0657825
          ValKeyMatrix = KeyMatrix 0 14400 0.955109 0.0716728 -0.287454 0.11666 0.800907 0.587316 0.272318 -0.594484 0.756591 3.54495 0.453813 -0.0657825
        }
        SubNumber = 0
        Controller {
          ValPoint = point 3.54495 0.453813 -0.0657825
        }
        SubNumber = 1
        Controller {
          ClassIDs = ClassID 36876 8210 0 "Euler XYZ"
          SubNumber = 0
          Controller {
            ClassIDs = ClassID 36867 8199 0 "Bezier Float"
            ORTIn = 1
            ORTOut = 1
            RangeStart = 9600
            RangeEnd = 14400
            Keys {
              ValKeyBezFloat = KeyBezFloat 6912 9600 -1.05066 0 0 0.3333 0.3333
              ValKeyBezFloat = KeyBezFloat 6912 10544 -0.736894 -0.000464608 0.000464608 0.3333 0.3333
              ValKeyBezFloat = KeyBezFloat 6912 12000 0.0643984 -0.000362291 0.000362291 0.3333 0.3333
              ValKeyBezFloat = KeyBezFloat 2147490560 14400 0.6601 0 0 0.3333 -1
            }
          }
          SubNumber = 1
          Controller {
            ClassIDs = ClassID 36867 8199 0 "Bezier Float"
            ORTIn = 1
            ORTOut = 1
            RangeStart = 9600
            RangeEnd = 14400
            Keys {
              ValKeyBezFloat = KeyBezFloat 6912 9600 0.0552084 0 0 0.3333 0.3333
              ValKeyBezFloat = KeyBezFloat 6912 10544 0.161946 0 0 0.3333 0.3333
              ValKeyBezFloat = KeyBezFloat 6912 12000 0.108407 0 0 0.3333 0.3333
              ValKeyBezFloat = KeyBezFloat 6912 14400 0.291568 0 0 0.3333 -1
            }
          }
          SubNumber = 2
          Controller {
            ClassIDs = ClassID 36867 8199 0 "Bezier Float"
            ORTIn = 1
            ORTOut = 1
            RangeStart = 9600
            RangeEnd = 14400
            Keys {
              ValKeyBezFloat = KeyBezFloat 6912 9600 -0.417357 0 0 0.3333 0.3333
              ValKeyBezFloat = KeyBezFloat 6912 10544 -0.229453 -0.000124157 0.000124157 0.3333 0.3333
              ValKeyBezFloat = KeyBezFloat 6912 12000 -0.119379 -7.893e-005 7.893e-005 0.3333 0.3333
              ValKeyBezFloat = KeyBezFloat 6912 14400 0.0749011 0 0 0.3333 -1
            }
          }
        }
        SubNumber = 2
        Controller {
          ValPoint = point 1 1 0.999999
        }
      }
    }
    LimbBone {
      Controller {
        ClassIDs = ClassID 36872 8197 0 "Position/Rotation/Scale"
        Flags = 0
        SimpleKeys {
          ValKeyMatrix = KeyMatrix 0 0 0.999917 0.0100799 0.00793591 -0.012829 0.785662 0.618523 -2.96254e-007 -0.618574 0.785727 1.3549e-007 1.59591e-007 -9.42675e-008
          ValKeyMatrix = KeyMatrix 0 8000 0.998326 0.0101312 0.0569365 -0.0578308 0.174876 0.982891 1.02687e-006 -0.984539 0.175169 1.3549e-007 1.59591e-007 -9.42675e-008
          ValKeyMatrix = KeyMatrix 0 9600 0.998326 0.0101312 0.0569365 -0.0480991 -0.401147 0.91475 0.0321074 -0.915958 -0.399989 1.3549e-007 1.59591e-007 -9.42675e-008
          ValKeyMatrix = KeyMatrix 0 12000 0.998326 0.0101312 0.0569365 -0.057633 0.255655 0.965049 -0.00477902 -0.966715 0.255811 1.3549e-007 1.59591e-007 -9.42675e-008
        }
        SubNumber = 0
        Controller {
          ValPoint = point 1.3549e-007 1.59591e-007 -9.42675e-008
        }
        SubNumber = 1
        Controller {
          ClassIDs = ClassID 36876 8210 0 "Euler XYZ"
          SubNumber = 0
          Controller {
            ClassIDs = ClassID 36867 8199 0 "Bezier Float"
            ORTIn = 1
            ORTOut = 1
            RangeStart = 0
            RangeEnd = 12000
            Keys {
              ValKeyBezFloat = KeyBezFloat 6912 0 0.666886 0 0 -1 0.3333
              ValKeyBezFloat = KeyBezFloat 6912 8000 1.39443 -0.000137096 0.000137096 0.3333 0.3333
              ValKeyBezFloat = KeyBezFloat 6912 9600 1.98301 0 0 0.3333 0.3333
              ValKeyBezFloat = KeyBezFloat 6912 12000 1.31168 0 0 0.3333 -1
            }
          }
          SubNumber = 1
          Controller {
            ClassIDs = ClassID 36867 8199 0 "Bezier Float"
            ORTIn = 1
            ORTOut = 1
            RangeStart = 0
            RangeEnd = 12000
            Keys {
              ValKeyBezFloat = KeyBezFloat 6912 0 -0.007936 0 0 -1 0.3333
              ValKeyBezFloat = KeyBezFloat 6912 8000 -0.0569673 0 0 0.3333 0.3333
              ValKeyBezFloat = KeyBezFloat 6912 9600 -0.0569673 0 0 0.3333 0.3333
              ValKeyBezFloat = KeyBezFloat 6912 12000 -0.0569673 0 0 0.3333 -1
            }
          }
          SubNumber = 2
          Controller {
            ClassIDs = ClassID 36867 8199 0 "Bezier Float"
            ORTIn = 1
            ORTOut = 1
            RangeStart = 0
            RangeEnd = 12000
            Keys {
              ValKeyBezFloat = KeyBezFloat 6912 0 0.0100804 0 0 -1 0.3333
              ValKeyBezFloat = KeyBezFloat 6912 8000 0.0101478 0 0 0.3333 0.3333
              ValKeyBezFloat = KeyBezFloat 6912 9600 0.0101478 0 0 0.3333 0.3333
              ValKeyBezFloat = KeyBezFloat 6912 12000 0.0101478 0 0 0.3333 -1
            }
          }
        }
        SubNumber = 2
        Controller {
          ValPoint = point 1 1 1
        }
      }
    }
    Palm {
      GroupWeights {
        ValFloat = 1
      }
      Controller {
        ClassIDs = ClassID 36872 8197 0 "Position/Rotation/Scale"
        Flags = 0
        SimpleKeys {
          ValKeyMatrix = KeyMatrix 0 0 1 0 0 0 1 0 0 0 1 -1.03202e-007 0.982893 -1.18049
          ValKeyMatrix = KeyMatrix 0 8000 1 1.04023e-008 -5.49226e-007 -1.04041e-008 1 -3.33786e-006 5.49226e-007 3.33786e-006 1 -1.03202e-007 0.982893 -1.18049
          ValKeyMatrix = KeyMatrix 0 12000 0.994596 -0.0921541 -0.0478081 0.103017 0.933124 0.344481 0.0128655 -0.347545 0.937575 -1.03202e-007 0.982893 -1.18049
          ValKeyMatrix = KeyMatrix 0 14400 0.999918 -0.0111971 0.00629135 0.00548911 0.815419 0.578844 -0.0116115 -0.578762 0.815414 -1.03202e-007 0.982893 -1.18049
          ValKeyMatrix = KeyMatrix 0 16000 0.999918 -0.0111971 0.00629135 0.00546513 0.814223 0.580526 -0.0116228 -0.580444 0.814217 -1.03202e-007 0.982893 -1.18049
          ValKeyMatrix = KeyMatrix 0 19200 0.999918 -0.0111971 0.00629135 0.0111911 0.999937 0.00100038 -0.00630215 -0.000929891 0.99998 -1.03202e-007 0.982893 -1.18049
        }
        SubNumber = 0
        Controller {
          ValPoint = point -1.03202e-007 0.982893 -1.18049
        }
        SubNumber = 1
        Controller {
          ClassIDs = ClassID 36876 8210 0 "Euler XYZ"
          SubNumber = 0
          Controller {
            ClassIDs = ClassID 36867 8199 0 "Bezier Float"
            ORTIn = 1
            ORTOut = 1
            RangeStart = 0
            RangeEnd = 19200
            Keys {
              ValKeyBezFloat = KeyBezFloat 6912 0 0 0 0 -1 0.3333
              ValKeyBezFloat = KeyBezFloat 6912 8000 -3.33786e-006 0 0 0.3333 0.3333
              ValKeyBezFloat = KeyBezFloat 6912 12000 0.352106 -9.64576e-005 9.64576e-005 0.3333 0.3333
              ValKeyBezFloat = KeyBezFloat 6912 14400 0.617325 -3.40796e-006 3.40796e-006 0.3333 0.3333
              ValKeyBezFloat = KeyBezFloat 6912 16000 0.619389 0 0 0.3333 0.3333
              ValKeyBezFloat = KeyBezFloat 6912 19200 0.0010004 0 0 0.3333 -1
            }
          }
          SubNumber = 1
          Controller {
            ClassIDs = ClassID 36867 8199 0 "Bezier Float"
            ORTIn = 1
            ORTOut = 1
            RangeStart = 0
            RangeEnd = 19200
            Keys {
              ValKeyBezFloat = KeyBezFloat 6912 0 0 0 0 -1 0.3333
              ValKeyBezFloat = KeyBezFloat 6912 8000 5.49226e-007 -1.44654e-010 1.44654e-010 0.3333 0.3333
              ValKeyBezFloat = KeyBezFloat 6912 12000 0.0478263 0 0 0.3333 0.3333
              ValKeyBezFloat = KeyBezFloat 6912 14400 -0.00629139 0 0 0.3333 0.3333
              ValKeyBezFloat = KeyBezFloat 6912 16000 -0.00629139 0 0 0.3333 0.3333
              ValKeyBezFloat = KeyBezFloat 6912 19200 -0.00629139 0 0 0.3333 -1
            }
          }
          SubNumber = 2
          Controller {
            ClassIDs = ClassID 36867 8199 0 "Bezier Float"
            ORTIn = 1
            ORTOut = 1
            RangeStart = 0
            RangeEnd = 19200
            Keys {
              ValKeyBezFloat = KeyBezFloat 6912 0 0 0 0 -1 0.3333
              ValKeyBezFloat = KeyBezFloat 6912 8000 1.04023e-008 0 0 0.3333 0.3333
              ValKeyBezFloat = KeyBezFloat 6912 12000 -0.092391 0 0 0.3333 0.3333
              ValKeyBezFloat = KeyBezFloat 6912 14400 -0.0111976 0 0 0.3333 0.3333
              ValKeyBezFloat = KeyBezFloat 6912 16000 -0.0111976 0 0 0.3333 0.3333
              ValKeyBezFloat = KeyBezFloat 6912 19200 -0.0111976 0 0 0.3333 -1
            }
          }
        }
        SubNumber = 2
        Controller {
          ValPoint = point 1 1 1
        }
      }
      TargetAlignValues {
        ClassIDs = ClassID 36867 8199 0 "Bezier Float"
        ORTIn = 1
        ORTOut = 1
        RangeStart = 0
        RangeEnd = 8000
        Keys {
          ValKeyBezFloat = KeyBezFloat 6912 0 1 0 0 -1 0.3333
          ValKeyBezFloat = KeyBezFloat 6912 8000 1 0 0 0.3333 -1
        }
      }
      DigitParams {
        DigitSegParams {
          Controller {
            ClassIDs = ClassID 36872 8197 0 "Position/Rotation/Scale"
            Flags = 0
            SimpleKeys {
              ValKeyMatrix = KeyMatrix 0 0 1 0 0 0 1 0 0 0 1 0 0 0
              ValKeyMatrix = KeyMatrix 0 8000 1 0 0 0 1 0 0 0 1 0 0 0
              ValKeyMatrix = KeyMatrix 0 12000 1 0 0 0 0.67868 -0.734434 0 0.734434 0.67868 0 0 0
              ValKeyMatrix = KeyMatrix 0 16000 1 0 0 0 0.998893 0.0470495 0 -0.0470495 0.998893 0 0 0
            }
            SubNumber = 0
            Controller {
              ValPoint = point 0 0 0
            }
            SubNumber = 1
            Controller {
              ClassIDs = ClassID 36876 8210 0 "Euler XYZ"
              SubNumber = 0
              Controller {
                ClassIDs = ClassID 36867 8199 0 "Bezier Float"
                ORTIn = 1
                ORTOut = 1
                RangeStart = 0
                RangeEnd = 16000
                Keys {
                  ValKeyBezFloat = KeyBezFloat 6912 0 0 0 0 -1 0.3333
                  ValKeyBezFloat = KeyBezFloat 6912 8000 0 0 0 0.3333 0.3333
                  ValKeyBezFloat = KeyBezFloat 6912 12000 -0.824832 0 0 0.3333 0.3333
                  ValKeyBezFloat = KeyBezFloat 6912 16000 0.0470669 0 0 0.3333 -1
                }
              }
              SubNumber = 1
              Controller {
                ClassIDs = ClassID 36867 8199 0 "Bezier Float"
                ORTIn = 1
                ORTOut = 1
                RangeStart = 0
                RangeEnd = 16000
                Keys {
                  ValKeyBezFloat = KeyBezFloat 6912 0 0 0 0 -1 0.3333
                  ValKeyBezFloat = KeyBezFloat 6912 8000 0 0 0 0.3333 0.3333
                  ValKeyBezFloat = KeyBezFloat 6912 12000 0 0 0 0.3333 0.3333
                  ValKeyBezFloat = KeyBezFloat 6912 16000 0 0 0 0.3333 -1
                }
              }
              SubNumber = 2
              Controller {
                ClassIDs = ClassID 36867 8199 0 "Bezier Float"
                ORTIn = 1
                ORTOut = 1
                RangeStart = 0
                RangeEnd = 16000
                Keys {
                  ValKeyBezFloat = KeyBezFloat 6912 0 0 0 0 -1 0.3333
                  ValKeyBezFloat = KeyBezFloat 6912 8000 0 0 0 0.3333 0.3333
                  ValKeyBezFloat = KeyBezFloat 6912 12000 0 0 0 0.3333 0.3333
                  ValKeyBezFloat = KeyBezFloat 6912 16000 0 0 0 0.3333 -1
                }
              }
            }
            SubNumber = 2
            Controller {
              ValPoint = point 1 1 1
            }
          }
        }
      }
    }
  }
  Limb {
    GroupWeights {
      ValFloat = 1
    }
    IKFKValues {
      ClassIDs = ClassID 36867 8199 0 "Bezier Float"
      ORTIn = 1
      ORTOut = 1
      RangeStart = 0
      RangeEnd = 14400
      Keys {
        ValKeyBezFloat = KeyBezFloat 6912 0 0 0 0 -1 0.3333
        ValKeyBezFloat = KeyBezFloat 6912 8000 0 0 0 0.3333 0.3333
        ValKeyBezFloat = KeyBezFloat 6915 11200 1 0 0 0.3333 0.3333
        ValKeyBezFloat = KeyBezFloat 6912 12800 1 0 0 0.3333 0.3333
        ValKeyBezFloat = KeyBezFloat 6912 14400 0 0 0 0.3333 -1
      }
    }
    IKTargetValues {
      Controller {
        ClassIDs = ClassID 36872 8197 0 "Position/Rotation/Scale"
        Flags = 0
        SimpleKeys {
          ValKeyMatrix = KeyMatrix 0 6880 -0.987958 0.154719 0 -0.154585 -0.987102 0.041614 0.00643846 0.0411129 0.999134 -5.87523 16.6596 -0.165255
          ValKeyMatrix = KeyMatrix 0 9120 -0.987958 0.154719 0 -0.139279 -0.88937 -0.435455 -0.0673731 -0.430212 0.900211 -5.87523 22.4714 13.5287
          ValKeyMatrix = KeyMatrix 0 10400 -0.987958 0.154719 0 -0.15187 -0.969765 -0.191023 -0.0295548 -0.188723 0.981586 -5.87523 31.5041 25.9565
          ValKeyMatrix = KeyMatrix 0 12000 -0.987958 0.154719 0 0.0196783 0.125656 0.991878 0.153462 0.979935 -0.127188 -5.87523 61.8152 45.0496
          ValKeyMatrix = KeyMatrix 0 13280 -0.987958 0.154719 0 0.128199 0.818615 -0.559852 -0.0866196 -0.553111 -0.828593 -5.87523 82.8615 39.4062
          ValKeyMatrix = KeyMatrix 0 14880 -1 2.53518e-006 0 -2.53518e-006 -1 4.46638e-006 1.13231e-011 4.46638e-006 1 -10.8937 88.5246 -1.46569e-008
        }
        SubNumber = 0
        Controller {
          ClassIDs = ClassID 36875 294616578 4293796746 "Position XYZ"
          SubNumber = 0
          Controller {
            ClassIDs = ClassID 36867 8199 0 "Bezier Float"
            ORTIn = 1
            ORTOut = 1
            RangeStart = 6880
            RangeEnd = 14880
            Keys {
              ValKeyBezFloat = KeyBezFloat 6927 6880 -5.87523 0 0 0.3333 0.3333
              ValKeyBezFloat = KeyBezFloat 6912 10400 -5.87523 0 0 0.3333 0.3333
              ValKeyBezFloat = KeyBezFloat 6912 12000 -5.87523 0 0 0.3333 0.3333
              ValKeyBezFloat = KeyBezFloat 6912 13280 -5.87523 0 0 0.3333 0.3333
              ValKeyBezFloat = KeyBezFloat 6912 14880 -10.8937 0 0 0.3333 -1
            }
          }
          SubNumber = 1
          Controller {
            ClassIDs = ClassID 36867 8199 0 "Bezier Float"
            ORTIn = 1
            ORTOut = 1
            RangeStart = 6880
            RangeEnd = 14880
            Keys {
              ValKeyBezFloat = KeyBezFloat 6927 6880 16.6596 0 0 0.3333 0.3333
              ValKeyBezFloat = KeyBezFloat 6912 10400 31.5041 -0.00881946 0.00881946 0.3333 0.3333
              ValKeyBezFloat = KeyBezFloat 6912 12000 61.8152 -0.0178324 0.0178324 0.3333 0.3333
              ValKeyBezFloat = KeyBezFloat 6912 13280 82.8615 -0.00927408 0.00927408 0.3333 0.3333
              ValKeyBezFloat = KeyBezFloat 6912 14880 88.5246 0 0 0.3333 -1
            }
          }
          SubNumber = 2
          Controller {
            ClassIDs = ClassID 36867 8199 0 "Bezier Float"
            ORTIn = 1
            ORTOut = 1
            RangeStart = 6880
            RangeEnd = 14880
            Keys {
              ValKeyBezFloat = KeyBezFloat 6927 6880 -0.165255 0 0 0.3333 0.3333
              ValKeyBezFloat = KeyBezFloat 6912 10400 25.9565 -0.00883103 0.00883103 0.3333 0.3333
              ValKeyBezFloat = KeyBezFloat 6912 12000 45.0496 0 0 0.3333 0.3333
              ValKeyBezFloat = KeyBezFloat 6912 13280 39.4062 0.0131166 -0.0131166 0.3333 0.3333
              ValKeyBezFloat = KeyBezFloat 6912 14880 -1.46569e-008 0 0 0.3333 -1
            }
          }
        }
        SubNumber = 1
        Controller {
          ClassIDs = ClassID 36876 8210 0 "Euler XYZ"
          SubNumber = 0
          Controller {
            ClassIDs = ClassID 36867 8199 0 "Bezier Float"
            ORTIn = 1
            ORTOut = 1
            RangeStart = 6880
            RangeEnd = 14880
            Keys {
              ValKeyBezFloat = KeyBezFloat 6927 6880 0.041626 0 0 0.3333 0.3333
              ValKeyBezFloat = KeyBezFloat 6912 9120 -0.450544 0 0 0.3333 0.3333
              ValKeyBezFloat = KeyBezFloat 6912 10400 -0.192204 -0.000542848 0.000542848 0.3333 0.3333
              ValKeyBezFloat = KeyBezFloat 6912 13280 3.7358 -0.0014454 0.0014454 0.3333 0.3333
              ValKeyBezFloat = KeyBezFloat 6912 14880 6.28319 0 0 0.3333 -1
            }
          }
          SubNumber = 1
          Controller {
            ClassIDs = ClassID 36867 8199 0 "Bezier Float"
            ORTIn = 1
            ORTOut = 1
            RangeStart = 6880
            RangeEnd = 14880
            Keys {
              ValKeyBezFloat = KeyBezFloat 6927 6880 0 0 0 0.3333 0.3333
              ValKeyBezFloat = KeyBezFloat 6912 9120 0 0 0 0.3333 0.3333
              ValKeyBezFloat = KeyBezFloat 6912 10400 0 0 0 0.3333 0.3333
              ValKeyBezFloat = KeyBezFloat 6912 13280 0 0 0 0.3333 0.3333
              ValKeyBezFloat = KeyBezFloat 6912 14880 0 0 0 0.3333 -1
            }
          }
          SubNumber = 2
          Controller {
            ClassIDs = ClassID 36867 8199 0 "Bezier Float"
            ORTIn = 1
            ORTOut = 1
            RangeStart = 6880
            RangeEnd = 14880
            Keys {
              ValKeyBezFloat = KeyBezFloat 6927 6880 2.98625 0 0 0.3333 0.3333
              ValKeyBezFloat = KeyBezFloat 6912 9120 2.98625 0 0 0.3333 0.3333
              ValKeyBezFloat = KeyBezFloat 6912 10400 2.98625 0 0 0.3333 0.3333
              ValKeyBezFloat = KeyBezFloat 6912 13280 2.98625 0 0 0.3333 0.3333
              ValKeyBezFloat = KeyBezFloat 6912 14880 3.14159 0 0 0.3333 -1
            }
          }
        }
        SubNumber = 2
        Controller {
          ValPoint = point 1 1 1
        }
      }
    }
    LimbBone {
      Controller {
        ClassIDs = ClassID 36872 8197 0 "Position/Rotation/Scale"
        Flags = 0
        SimpleKeys {
          ValKeyMatrix = KeyMatrix 0 10544 0.994601 0.0798785 -0.0662379 -0.0980898 0.931992 -0.348956 0.0338592 0.353569 0.934795 -3.54495 0.453813 -0.0657825
          ValKeyMatrix = KeyMatrix 0 12000 0.977612 -0.126084 0.168456 0.162611 0.960795 -0.224571 -0.133537 0.246936 0.959786 -3.54495 0.453813 -0.0657825
          ValKeyMatrix = KeyMatrix 0 14400 0.997729 -0.0340063 -0.0581361 -0.0295862 0.554141 -0.831897 0.0605053 0.831728 0.551876 -3.54495 0.453813 -0.0657825
        }
        SubNumber = 0
        Controller {
          ValPoint = point -3.54495 0.453813 -0.0657825
        }
        SubNumber = 1
        Controller {
          ClassIDs = ClassID 36876 8210 0 "Euler XYZ"
          SubNumber = 0
          Controller {
            ClassIDs = ClassID 36867 8199 0 "Bezier Float"
            ORTIn = 1
            ORTOut = 1
            RangeStart = 10544
            RangeEnd = 14400
            Keys {
              ValKeyBezFloat = KeyBezFloat 6912 10544 -0.357276 0 0 0.3333 0.3333
              ValKeyBezFloat = KeyBezFloat 6912 12000 -0.229845 0 0 0.3333 0.3333
              ValKeyBezFloat = KeyBezFloat 6912 14400 -0.985062 0 0 0.3333 -1
            }
          }
          SubNumber = 1
          Controller {
            ClassIDs = ClassID 36867 8199 0 "Bezier Float"
            ORTIn = 1
            ORTOut = 1
            RangeStart = 10544
            RangeEnd = 14400
            Keys {
              ValKeyBezFloat = KeyBezFloat 6912 10544 0.0662865 0 0 0.3333 0.3333
              ValKeyBezFloat = KeyBezFloat 6912 12000 -0.169263 0 0 0.3333 0.3333
              ValKeyBezFloat = KeyBezFloat 6912 14400 0.0581689 0 0 0.3333 -1
            }
          }
          SubNumber = 2
          Controller {
            ClassIDs = ClassID 36867 8199 0 "Bezier Float"
            ORTIn = 1
            ORTOut = 1
            RangeStart = 10544
            RangeEnd = 14400
            Keys {
              ValKeyBezFloat = KeyBezFloat 6912 10544 0.0801401 0 0 0.3333 0.3333
              ValKeyBezFloat = KeyBezFloat 6912 12000 -0.128263 0 0 0.3333 0.3333
              ValKeyBezFloat = KeyBezFloat 6912 14400 -0.0340705 0 0 0.3333 -1
            }
          }
        }
        SubNumber = 2
        Controller {
          ValPoint = point 1 1 0.999999
        }
      }
    }
    LimbBone {
      Controller {
        ClassIDs = ClassID 36872 8197 0 "Position/Rotation/Scale"
        Flags = 0
        SimpleKeys {
          ValKeyMatrix = KeyMatrix 0 0 0.999997 0.00191259 0.000781059 -0.00206593 0.925717 0.378212 3.2421e-007 -0.378213 0.925719 -1.3549e-007 1.59591e-007 -9.42675e-008
          ValKeyMatrix = KeyMatrix 0 8000 0.999997 0.00191257 0.000781059 -0.00206591 0.925717 0.378213 3.18637e-007 -0.378214 0.925719 -1.3549e-007 1.59591e-007 -9.42675e-008
          ValKeyMatrix = KeyMatrix 0 9600 0.999997 0.00191257 0.000781059 -0.00113227 0.191161 0.981558 0.00172799 -0.981557 0.191162 -1.3549e-007 1.59591e-007 -9.42675e-008
          ValKeyMatrix = KeyMatrix 0 12000 0.999997 0.00191257 0.000781059 -9.79845e-005 -0.333737 0.942667 0.00206358 -0.942665 -0.333736 -1.3549e-007 1.59591e-007 -9.42675e-008
        }
        SubNumber = 0
        Controller {
          ValPoint = point -1.3549e-007 1.59591e-007 -9.42675e-008
        }
        SubNumber = 1
        Controller {
          ClassIDs = ClassID 36876 8210 0 "Euler XYZ"
          SubNumber = 0
          Controller {
            ClassIDs = ClassID 36867 8199 0 "Bezier Float"
            ORTIn = 1
            ORTOut = 1
            RangeStart = 0
            RangeEnd = 12000
            Keys {
              ValKeyBezFloat = KeyBezFloat 6912 0 0.387864 0 0 -1 0.3333
              ValKeyBezFloat = KeyBezFloat 6912 8000 0.387865 -1.95544e-010 1.95544e-010 0.3333 0.3333
              ValKeyBezFloat = KeyBezFloat 6912 9600 1.37845 -0.000380799 0.000380799 0.3333 0.3333
              ValKeyBezFloat = KeyBezFloat 6912 12000 1.91106 0 0 0.3333 -1
            }
          }
          SubNumber = 1
          Controller {
            ClassIDs = ClassID 36867 8199 0 "Bezier Float"
            ORTIn = 1
            ORTOut = 1
            RangeStart = 0
            RangeEnd = 12000
            Keys {
              ValKeyBezFloat = KeyBezFloat 6912 0 -0.000781059 0 0 -1 0.3333
              ValKeyBezFloat = KeyBezFloat 6912 8000 -0.000781059 0 0 0.3333 0.3333
              ValKeyBezFloat = KeyBezFloat 6912 9600 -0.000781059 0 0 0.3333 0.3333
              ValKeyBezFloat = KeyBezFloat 6912 12000 -0.000781059 0 0 0.3333 -1
            }
          }
          SubNumber = 2
          Controller {
            ClassIDs = ClassID 36867 8199 0 "Bezier Float"
            ORTIn = 1
            ORTOut = 1
            RangeStart = 0
            RangeEnd = 12000
            Keys {
              ValKeyBezFloat = KeyBezFloat 6912 0 0.00191259 0 0 -1 0.3333
              ValKeyBezFloat = KeyBezFloat 6912 8000 0.00191257 0 0 0.3333 0.3333
              ValKeyBezFloat = KeyBezFloat 6912 9600 0.00191257 0 0 0.3333 0.3333
              ValKeyBezFloat = KeyBezFloat 6912 12000 0.00191257 0 0 0.3333 -1
            }
          }
        }
        SubNumber = 2
        Controller {
