# CAT Character Rig exported from 3dsmax on Wed Feb 08 05:24:44 2006

Version = 2300
CATParent {
  CharacterName = "allosaur"
  Version = 2300
  LengthAxis = 0
  Hub {
    BoneName = "Pelvis"
    Flags = 0
    BoneColour = 5099730
    Controller {
      SetupTM = matrix 0.0764645 0.997072 4.3353e-008 -0.997072 0.0764645 7.99363e-008 7.63873e-008 -4.93384e-008 1 80.5075 -18.2245 3.96905e-007
      Flags = 7537152
    }
    DangleRatioVal = 1
    ParentNode = INode "SceneRootNode"
    ObjectParams {
      Width = 15.6131
      Length = 10.2809
      Height = 12.7524
      PivotPosZ = 0.612903
      PivotPosY = 1
    }
    Limb {
      Flags = 4108
      BoneName = "LLeg"
      IKFKValue = 0
      BoneColour = 16391424
      Platform {
        Flags = 0
        Controller {
          SetupTM = matrix 1 8.26276e-010 -7.82308e-012 -8.26276e-010 0.999821 -0.018903 -7.82402e-012 0.018903 0.999821 7.02092e-007 -0.371879 16.062
          Flags = 7537152
        }
        ObjectParams {
          Width = 13.31
          Length = 17.77
        }
      }
      NumBones = 2
      LimbBone {
        BoneName = "1"
        Flags = 56
        Controller {
          SetupTM = matrix 1 0 0 0 1 0 0 0 1 8.23931 -4.07769 -10.5007
          Flags = 8257536
        }
        NumBoneSegs = 1
        Width = 7.30505
        Length = 40.4016
        Height = 16.2288
        WeightOutTan = 0.333
        WeightInTan = 0.333
        WeightOutVal = 0
        WeightInVal = 1
        ParentNode = INode "SceneRootNode.Hub"
        BoneSeg {
          BoneName = "1"
          Flags = 0
          ObjectParams {
            Flags = 8
            Width = 7.30505
            Height = 16.2288
            Length = 40.4016
            ObjectOffsetPos = point 0 0 0
            ObjectOffsetRot = quat 0 0 0 1
            ObjectOffsetScl = point 1 1 1
          }
        }
      }
      LimbBone {
        BoneName = "2"
        Flags = 312
        Controller {
          SetupTM = matrix 0.540302 -0.841471 2.0094e-008 0.841471 0.540302 -3.67819e-008 2.0094e-008 3.67819e-008 1 0 0 0
          Flags = 7340032
        }
        NumBoneSegs = 1
        Width = 4.65696
        Length = 31.1345
        Height = 9.94745
        WeightOutTan = 0.333
        WeightInTan = 0.333
        WeightOutVal = 0
        WeightInVal = 1
        ParentNode = INode "SceneRootNode.Hub.Limb[0].LimbBone[0].BoneSeg[0]"
        BoneSeg {
          BoneName = "2"
          Flags = 0
          ObjectParams {
            Flags = 8
            Width = 4.65696
            Height = 9.94745
            Length = 31.1345
            ObjectOffsetPos = point 0 0 0
            ObjectOffsetRot = quat 0 0 0 1
            ObjectOffsetScl = point 1 1 1
          }
        }
      }
      Palm {
        BoneName = "Palm"
        Flags = 48
        Controller {
          SetupTM = matrix 0.647903 0.761723 1.53906e-008 -0.761723 0.647903 3.3296e-008 1.53906e-008 -3.3296e-008 1 -3.2373 -1.10726 4.24521e-007
          Flags = 7340032
        }
        ObjectParams {
          Flags = 8
          Width = 7.1
          Height = 5.09999
          Length = 20
          ObjectOffsetPos = point 0 0 0
          ObjectOffsetRot = quat 0 0 0 1
          ObjectOffsetScl = point 1 1 1
        }
        TargetAlign = 1
        NumBones = 4
        DigitParams {
          BoneName = "Digit0"
          SetupPos = point 0.16237 -0.00142728 1.01009
          Flags = 0
          CATMotionWeight = 0
          Width = 2.208
          Height = 1.905
          NumBones = 3
          DigitSegParams {
            BoneName = "1"
            Flags = 56
            Length = 5.47
            Controller {
              SetupTM = matrix 0.696935 -0.605597 0.3841 0.564603 0.793595 0.226783 -0.442159 0.0588108 0.895007 0 0 0
              Flags = 7340032
            }
            ObjectParams {
              Flags = 8
              Width = 2.208
              Height = 1.905
              Length = 5.47
              ObjectOffsetPos = point 0 0 0
              ObjectOffsetRot = quat 0 0 0 1
              ObjectOffsetScl = point 1 1 1
            }
          }
          DigitSegParams {
            BoneName = "2"
            Flags = 312
            Length = 3.71
            Controller {
              SetupTM = matrix 0.889882 -0.455508 -0.0249433 0.430524 0.856641 -0.284279 0.150859 0.242237 0.958417 0 0 0
              Flags = 7340032
            }
            ObjectParams {
              Flags = 8
              Width = 2.208
              Height = 1.905
              Length = 3.71
              ObjectOffsetPos = point 0 0 0
              ObjectOffsetRot = quat 0 0 0 1
              ObjectOffsetScl = point 1 1 1
            }
          }
          DigitSegParams {
            BoneName = "3"
            Flags = 312
            Length = 5.51
            Controller {
              SetupTM = matrix 0.51524 -0.857046 -6.68541e-008 0.857046 0.51524 -6.34458e-008 8.88218e-008 -2.46072e-008 1 0 0 0
              Flags = 7340032
            }
            ObjectParams {
              Flags = 8
              Width = 2.208
              Height = 1.905
              Length = 5.51
              ObjectOffsetPos = point 0 0 0
              ObjectOffsetRot = quat 0 0 0 1
              ObjectOffsetScl = point 1 1 1
            }
          }
        }
        DigitParams {
          BoneName = "Digit1"
          SetupPos = point 0.812484 -0.767779 0.987117
          Flags = 0
          CATMotionWeight = 1
          Width = 2.30384
          Height = 2.208
          NumBones = 3
          DigitSegParams {
            BoneName = "1"
            Flags = 56
            Length = 5.88
            Controller {
              SetupTM = matrix 0.904154 -0.389516 0.17545 0.392188 0.919654 0.0206434 -0.169394 0.0501444 0.984272 0 0 0
              Flags = 7340032
            }
            ObjectParams {
              Flags = 8
              Width = 2.30384
              Height = 2.208
              Length = 5.88
              ObjectOffsetPos = point 0 0 0
              ObjectOffsetRot = quat 0 0 0 1
              ObjectOffsetScl = point 1 1 1
            }
          }
          DigitSegParams {
            BoneName = "2"
            Flags = 312
            Length = 4.87
            Controller {
              SetupTM = matrix 0.888035 0.45976 0.00377145 -0.45958 0.887867 -0.0218572 -0.0133976 0.0176767 0.999754 0 0 0
              Flags = 7340032
            }
            ObjectParams {
              Flags = 8
              Width = 2.30384
              Height = 2.208
              Length = 4.87
              ObjectOffsetPos = point 0 0 0
              ObjectOffsetRot = quat 0 0 0 1
              ObjectOffsetScl = point 1 1 1
            }
          }
          DigitSegParams {
            BoneName = "3"
            Flags = 312
            Length = 5.07
            Controller {
              SetupTM = matrix 0.853718 -0.520735 3.7503e-009 0.520735 0.853718 -1.77713e-008 6.05247e-009 1.71246e-008 1 0 0 0
              Flags = 7340032
            }
            ObjectParams {
              Flags = 8
              Width = 2.30384
              Height = 2.208
              Length = 5.07
              ObjectOffsetPos = point 0 0 0
              ObjectOffsetRot = quat 0 0 0 1
              ObjectOffsetScl = point 1 1 1
            }
          }
        }
        DigitParams {
          BoneName = "Digit2"
          SetupPos = point 0.985442 0.13496 -0.154028
          Flags = 0
          CATMotionWeight = 1
          Width = 3.41172
          Height = 3.72
          NumBones = 3
          DigitSegParams {
            BoneName = "1"
            Flags = 56
            Length = 4.87
            Controller {
              SetupTM = matrix 0.977407 -0.205034 0.0513414 0.207387 0.977192 -0.0456711 -0.0408063 0.0552868 0.997636 0 0 0
              Flags = 7340032
            }
            ObjectParams {
              Flags = 8
              Width = 3.41172
              Height = 3.72
              Length = 4.87
              ObjectOffsetPos = point 0 0 0
              ObjectOffsetRot = quat 0 0 0 1
              ObjectOffsetScl = point 1 1 1
            }
          }
          DigitSegParams {
            BoneName = "2"
            Flags = 312
            Length = 6.12
            Controller {
              SetupTM = matrix 0.952654 0.303273 -0.0217973 -0.303626 0.95267 -0.0151975 0.0161566 0.0210962 0.999647 0 0 0
              Flags = 7340032
            }
            ObjectParams {
              Flags = 8
              Width = 3.41172
              Height = 3.72
              Length = 6.12
              ObjectOffsetPos = point 0 0 0
              ObjectOffsetRot = quat 0 0 0 1
              ObjectOffsetScl = point 1 1 1
            }
          }
          DigitSegParams {
            BoneName = "3"
            Flags = 312
            Length = 6
            Controller {
              SetupTM = matrix 0.88434 -0.466696 0.0117332 0.466539 0.884392 0.0138797 -0.0168544 -0.00680033 0.999835 0 0 0
              Flags = 7340032
            }
            ObjectParams {
              Flags = 8
              Width = 3.41172
              Height = 3.72
              Length = 6
              ObjectOffsetPos = point 0 0 0
              ObjectOffsetRot = quat 0 0 0 1
              ObjectOffsetScl = point 1 1 1
            }
          }
        }
        DigitParams {
          BoneName = "Digit3"
          SetupPos = point 0.584357 -0.137478 -1.04044
          Flags = 0
          CATMotionWeight = 0.7
          Width = 2.592
          Height = 3.45
          NumBones = 3
          DigitSegParams {
            BoneName = "1"
            Flags = 56
            Length = 7.39
            Controller {
              SetupTM = matrix 0.732386 -0.665909 -0.142041 0.66676 0.743686 -0.0485917 0.137991 -0.0591192 0.988667 0 0 0
              Flags = 7340032
            }
            ObjectParams {
              Flags = 8
              Width = 2.592
              Height = 3.45
              Length = 7.39
              ObjectOffsetPos = point 0 0 0
              ObjectOffsetRot = quat 0 0 0 1
              ObjectOffsetScl = point 1 1 1
            }
          }
          DigitSegParams {
            BoneName = "2"
            Flags = 312
            Length = 6.71
            Controller {
              SetupTM = matrix 0.879429 0.476004 0.00499544 -0.47602 0.879289 0.0160165 0.00323151 -0.0164633 0.999859 0 0 0
              Flags = 7340032
            }
            ObjectParams {
              Flags = 8
              Width = 2.592
              Height = 3.45
              Length = 6.71
              ObjectOffsetPos = point 0 0 0
              ObjectOffsetRot = quat 0 0 0 1
              ObjectOffsetScl = point 1 1 1
            }
          }
          DigitSegParams {
            BoneName = "3"
            Flags = 312
            Length = 5.5
            Controller {
              SetupTM = matrix 0.995713 -0.0924996 -0.000214476 0.0924999 0.99571 0.00243727 -1.18909e-005 -0.00244666 0.999997 0 0 0
              Flags = 7340032
            }
            ObjectParams {
              Flags = 8
              Width = 2.592
              Height = 3.45
              Length = 5.5
              ObjectOffsetPos = point 0 0 0
              ObjectOffsetRot = quat 0 0 0 1
              ObjectOffsetScl = point 1 1 1
            }
          }
        }
      }
    }
    Limb {
      Flags = 4132
      BoneName = "RLeg"
      IKFKValue = 0
      BoneColour = 4649215
      Platform {
        Flags = 0
        Controller {
          SetupTM = matrix 1 -8.26276e-010 -7.82308e-012 8.26276e-010 0.999821 0.018903 -7.82402e-012 -0.018903 0.999821 -7.02092e-007 -0.371879 -16.062
          Flags = 7537152
        }
        ObjectParams {
          Width = 13.31
          Length = 17.77
        }
      }
      NumBones = 2
      LimbBone {
        BoneName = "1"
        Flags = 56
        Controller {
          SetupTM = matrix 1 0 0 0 1 0 0 0 1 8.23931 -4.07769 10.5007
          Flags = 8257536
        }
        NumBoneSegs = 1
        Width = 7.30505
        Length = 40.4016
        Height = 16.2288
        WeightOutTan = 0.333
        WeightInTan = 0.333
        WeightOutVal = 0
        WeightInVal = 1
        ParentNode = INode "SceneRootNode.Hub"
        BoneSeg {
          BoneName = "1"
          Flags = 0
          ObjectParams {
            Flags = 8
            Width = 7.30505
            Height = 16.2288
            Length = 40.4016
            ObjectOffsetPos = point 0 0 0
            ObjectOffsetRot = quat 0 0 0 1
            ObjectOffsetScl = point 1 1 1
          }
        }
      }
      LimbBone {
        BoneName = "2"
        Flags = 312
        Controller {
          SetupTM = matrix 0.540302 -0.841471 2.0094e-008 0.841471 0.540302 -3.67819e-008 2.0094e-008 3.67819e-008 1 0 0 0
          Flags = 7340032
        }
        NumBoneSegs = 1
        Width = 4.65696
        Length = 31.1345
        Height = 9.94745
        WeightOutTan = 0.333
        WeightInTan = 0.333
        WeightOutVal = 0
        WeightInVal = 1
        ParentNode = INode "SceneRootNode.Hub.Limb[1].LimbBone[0].BoneSeg[0]"
        BoneSeg {
          BoneName = "2"
          Flags = 0
          ObjectParams {
            Flags = 8
            Width = 4.65696
            Height = 9.94745
            Length = 31.1345
            ObjectOffsetPos = point 0 0 0
            ObjectOffsetRot = quat 0 0 0 1
            ObjectOffsetScl = point 1 1 1
          }
        }
      }
      Palm {
        BoneName = "Palm"
        Flags = 48
        Controller {
          SetupTM = matrix 0.647903 0.761723 1.53906e-008 -0.761723 0.647903 3.3296e-008 1.53906e-008 -3.3296e-008 1 -3.2373 -1.10726 4.24521e-007
          Flags = 7340032
        }
        ObjectParams {
          Flags = 8
          Width = 7.1
          Height = 5.09999
          Length = 20
          ObjectOffsetPos = point 0 0 0
          ObjectOffsetRot = quat 0 0 0 1
          ObjectOffsetScl = point 1 1 1
        }
        TargetAlign = 1
        NumBones = 4
        DigitParams {
          BoneName = "Digit0"
          SetupPos = point 0.16237 -0.00142728 -1.01009
          Flags = 0
          CATMotionWeight = 0.2
          Width = 2.208
          Height = 1.905
          NumBones = 3
          DigitSegParams {
            BoneName = "1"
            Flags = 56
            Length = 5.47
            Controller {
              SetupTM = matrix 0.696935 -0.605597 -0.3841 0.564603 0.793595 -0.226783 0.442159 -0.0588108 0.895007 0 0 0
              Flags = 7340032
            }
            ObjectParams {
              Flags = 8
              Width = 2.208
              Height = 1.905
              Length = 5.47
              ObjectOffsetPos = point 0 0 0
              ObjectOffsetRot = quat 0 0 0 1
              ObjectOffsetScl = point 1 1 1
            }
          }
          DigitSegParams {
            BoneName = "2"
            Flags = 312
            Length = 3.71
            Controller {
              SetupTM = matrix 0.889882 -0.455508 0.0249433 0.430524 0.856641 0.284279 -0.150859 -0.242237 0.958417 0 0 0
              Flags = 7340032
            }
            ObjectParams {
              Flags = 8
              Width = 2.208
              Height = 1.905
              Length = 3.71
              ObjectOffsetPos = point 0 0 0
              ObjectOffsetRot = quat 0 0 0 1
              ObjectOffsetScl = point 1 1 1
            }
          }
          DigitSegParams {
            BoneName = "3"
            Flags = 312
            Length = 5.51
            Controller {
              SetupTM = matrix 0.51524 -0.857046 1.09233e-007 0.857046 0.51524 -1.14796e-008 -4.64428e-008 9.95326e-008 1 0 0 0
              Flags = 7340032
            }
            ObjectParams {
              Flags = 8
              Width = 2.208
              Height = 1.905
              Length = 5.51
              ObjectOffsetPos = point 0 0 0
              ObjectOffsetRot = quat 0 0 0 1
              ObjectOffsetScl = point 1 1 1
            }
          }
        }
        DigitParams {
          BoneName = "Digit1"
          SetupPos = point 0.812484 -0.767779 -0.987117
          Flags = 0
          CATMotionWeight = 1
          Width = 2.30384
          Height = 2.208
          NumBones = 3
          DigitSegParams {
            BoneName = "1"
            Flags = 56
            Length = 5.88
            Controller {
              SetupTM = matrix 0.904154 -0.389516 -0.17545 0.392188 0.919654 -0.0206434 0.169394 -0.0501444 0.984272 0 0 0
              Flags = 7340032
            }
            ObjectParams {
              Flags = 8
              Width = 2.30384
              Height = 2.208
              Length = 5.88
              ObjectOffsetPos = point 0 0 0
              ObjectOffsetRot = quat 0 0 0 1
              ObjectOffsetScl = point 1 1 1
            }
          }
          DigitSegParams {
            BoneName = "2"
            Flags = 312
            Length = 4.87
            Controller {
              SetupTM = matrix 0.888035 0.45976 -0.00377145 -0.45958 0.887867 0.0218572 0.0133976 -0.0176767 0.999754 0 0 0
              Flags = 7340032
            }
            ObjectParams {
              Flags = 8
              Width = 2.30384
              Height = 2.208
              Length = 4.87
              ObjectOffsetPos = point 0 0 0
              ObjectOffsetRot = quat 0 0 0 1
              ObjectOffsetScl = point 1 1 1
            }
          }
          DigitSegParams {
            BoneName = "3"
            Flags = 312
            Length = 5.07
            Controller {
              SetupTM = matrix 0.853718 -0.520735 9.03808e-009 0.520735 0.853718 -2.77528e-008 6.73591e-009 2.83995e-008 1 0 0 0
              Flags = 7340032
            }
            ObjectParams {
              Flags = 8
              Width = 2.30384
              Height = 2.208
              Length = 5.07
              ObjectOffsetPos = point 0 0 0
              ObjectOffsetRot = quat 0 0 0 1
              ObjectOffsetScl = point 1 1 1
            }
          }
        }
        DigitParams {
          BoneName = "Digit2"
          SetupPos = point 0.985442 0.13496 0.154028
          Flags = 0
          CATMotionWeight = 1
          Width = 3.41172
          Height = 3.72
          NumBones = 3
          DigitSegParams {
            BoneName = "1"
            Flags = 56
            Length = 4.87
            Controller {
              SetupTM = matrix 0.977407 -0.205034 -0.0513414 0.207387 0.977192 0.0456711 0.0408063 -0.0552868 0.997636 0 0 0
              Flags = 7340032
            }
            ObjectParams {
              Flags = 8
              Width = 3.41172
              Height = 3.72
              Length = 4.87
              ObjectOffsetPos = point 0 0 0
              ObjectOffsetRot = quat 0 0 0 1
              ObjectOffsetScl = point 1 1 1
            }
          }
          DigitSegParams {
            BoneName = "2"
            Flags = 312
            Length = 6.12
            Controller {
              SetupTM = matrix 0.952654 0.303273 0.0217973 -0.303626 0.95267 0.0151975 -0.0161566 -0.0210962 0.999647 0 0 0
              Flags = 7340032
            }
            ObjectParams {
              Flags = 8
              Width = 3.41172
              Height = 3.72
              Length = 6.12
              ObjectOffsetPos = point 0 0 0
              ObjectOffsetRot = quat 0 0 0 1
              ObjectOffsetScl = point 1 1 1
            }
          }
          DigitSegParams {
            BoneName = "3"
            Flags = 312
            Length = 6
            Controller {
              SetupTM = matrix 0.88434 -0.466696 -0.0117332 0.466539 0.884392 -0.0138797 0.0168544 0.00680037 0.999835 0 0 0
              Flags = 7340032
            }
            ObjectParams {
              Flags = 8
              Width = 3.41172
              Height = 3.72
              Length = 6
              ObjectOffsetPos = point 0 0 0
              ObjectOffsetRot = quat 0 0 0 1
              ObjectOffsetScl = point 1 1 1
            }
          }
        }
        DigitParams {
          BoneName = "Digit3"
          SetupPos = point 0.584357 -0.137478 1.04044
          Flags = 0
          CATMotionWeight = 1
          Width = 2.592
          Height = 3.45
          NumBones = 3
          DigitSegParams {
            BoneName = "1"
            Flags = 56
            Length = 7.39
            Controller {
              SetupTM = matrix 0.732386 -0.665909 0.142041 0.66676 0.743686 0.0485917 -0.137991 0.0591192 0.988667 0 0 0
              Flags = 7340032
            }
            ObjectParams {
              Flags = 8
              Width = 2.592
              Height = 3.45
              Length = 7.39
              ObjectOffsetPos = point 0 0 0
              ObjectOffsetRot = quat 0 0 0 1
              ObjectOffsetScl = point 1 1 1
            }
          }
          DigitSegParams {
            BoneName = "2"
            Flags = 312
            Length = 6.71
            Controller {
              SetupTM = matrix 0.879429 0.476004 -0.00499542 -0.47602 0.879289 -0.0160165 -0.00323149 0.0164633 0.999859 0 0 0
              Flags = 7340032
            }
            ObjectParams {
              Flags = 8
              Width = 2.592
              Height = 3.45
              Length = 6.71
              ObjectOffsetPos = point 0 0 0
              ObjectOffsetRot = quat 0 0 0 1
              ObjectOffsetScl = point 1 1 1
            }
          }
          DigitSegParams {
            BoneName = "3"
            Flags = 312
            Length = 5.5
            Controller {
              SetupTM = matrix 0.995713 -0.0924996 0.000214476 0.0924999 0.99571 -0.00243727 1.18913e-005 0.00244666 0.999997 0 0 0
              Flags = 7340032
            }
            ObjectParams {
              Flags = 8
              Width = 2.592
              Height = 3.45
              Length = 5.5
              ObjectOffsetPos = point 0 0 0
              ObjectOffsetRot = quat 0 0 0 1
              ObjectOffsetScl = point 1 1 1
            }
          }
        }
      }
    }
    Spine {
      BoneName = "Spine"
      Flags = 0
      AbsRelSpine = 1
      SpineBase = matrix 1 0 0 0 1 0 0 0 1 1.44016 -2.21152 -1.78141e-007
      WeightOutTan = 0.333
      WeightInTan = 0.333
      WeightOutVal = 0
      WeightInVal = 1
      NumLinks = 7
      SpineLink {
        BoneName = "1"
        Flags = 56
        ParentNode = INode "SceneRootNode.Hub"
        ObjectParams {
          Flags = 8
          Width = 14.84
          Height = 14.84
          Length = 7.30863
          ObjectOffsetPos = point 0 0 0
          ObjectOffsetRot = quat 0 0 0 1
          ObjectOffsetScl = point 1 1 1
        }
        SetupTM = matrix 1 0 0 0 1 0 0 0 1 0 0 0
      }
      SpineLink {
        BoneName = "2"
        Flags = 312
        ParentNode = INode "SceneRootNode.Hub.Spine[0].SpineLink[0]"
        ObjectParams {
          Flags = 8
          Width = 14.84
          Height = 14.84
          Length = 7.30863
          ObjectOffsetPos = point 0 0 0
          ObjectOffsetRot = quat 0 0 0 1
          ObjectOffsetScl = point 1 1 1
        }
        SetupTM = matrix 1 0 0 0 1 0 0 0 1 0 0 0
      }
      SpineLink {
        BoneName = "3"
        Flags = 312
        ParentNode = INode "SceneRootNode.Hub.Spine[0].SpineLink[1]"
        ObjectParams {
          Flags = 8
          Width = 14.84
          Height = 14.84
          Length = 7.30863
          ObjectOffsetPos = point 0 0 0
          ObjectOffsetRot = quat 0 0 0 1
          ObjectOffsetScl = point 1 1 1
        }
        SetupTM = matrix 1 0 0 0 1 0 0 0 1 0 0 0
      }
      SpineLink {
        BoneName = "4"
        Flags = 312
        ParentNode = INode "SceneRootNode.Hub.Spine[0].SpineLink[2]"
        ObjectParams {
          Flags = 8
          Width = 14.84
          Height = 14.84
          Length = 7.30863
          ObjectOffsetPos = point 0 0 0
          ObjectOffsetRot = quat 0 0 0 1
          ObjectOffsetScl = point 1 1 1
        }
        SetupTM = matrix 1 0 0 0 1 0 0 0 1 0 0 0
      }
      SpineLink {
        BoneName = "5"
        Flags = 312
        ParentNode = INode "SceneRootNode.Hub.Spine[0].SpineLink[3]"
        ObjectParams {
          Flags = 8
          Width = 14.84
          Height = 14.84
          Length = 7.30863
          ObjectOffsetPos = point 0 0 0
          ObjectOffsetRot = quat 0 0 0 1
          ObjectOffsetScl = point 1 1 1
        }
        SetupTM = matrix 1 0 0 0 1 0 0 0 1 0 0 0
      }
      SpineLink {
        BoneName = "6"
        Flags = 312
        ParentNode = INode "SceneRootNode.Hub.Spine[0].SpineLink[4]"
        ObjectParams {
          Flags = 8
          Width = 14.84
          Height = 14.84
          Length = 7.30863
          ObjectOffsetPos = point 0 0 0
          ObjectOffsetRot = quat 0 0 0 1
          ObjectOffsetScl = point 1 1 1
        }
        SetupTM = matrix 1 0 0 0 1 0 0 0 1 0 0 0
      }
      SpineLink {
        BoneName = "7"
        Flags = 312
        ParentNode = INode "SceneRootNode.Hub.Spine[0].SpineLink[5]"
        ObjectParams {
          Flags = 8
          Width = 14.84
          Height = 14.84
          Length = 7.30863
          ObjectOffsetPos = point 0 0 0
          ObjectOffsetRot = quat 0 0 0 1
          ObjectOffsetScl = point 1 1 1
        }
        SetupTM = matrix 1 0 0 0 1 0 0 0 1 0 0 0
      }
      Hub {
        BoneName = "Ribcage"
        Flags = 0
        BoneColour = 38071
        Controller {
          SetupTM = matrix -0.131262 0.991348 5.23924e-008 -0.991348 -0.131262 6.91134e-009 1.37287e-008 -5.10319e-008 1 -3.56645 0 1.55894e-007
          Flags = 7471104
        }
        DangleRatioVal = 0
        ParentNode = INode "SceneRootNode.Hub.Spine[0].SpineLink[6]"
        ObjectParams {
          Width = 15.7248
          Length = 18.2341
          Height = 24.9245
          PivotPosZ = 0.3
          PivotPosY = -0.204301
        }
        Limb {
          Flags = 10
          BoneName = "LArm"
          IKFKValue = 1
          BoneColour = 65292
          CollarBone {
            BoneName = "Collarbone"
            Flags = 56
            ParentNode = INode "SceneRootNode.Hub.Spine[0].Hub"
            ObjectParams {
              Flags = 8
              Width = 4.39
              Height = 5
              Length = 13.21
              ObjectOffsetPos = point 0 0 0
              ObjectOffsetRot = quat 0 0 0 1
              ObjectOffsetScl = point 1 1 1
            }
            Controller {
              SetupTM = matrix 0.510739 0.704476 0.492808 -0.812594 0.208353 0.544316 0.280779 -0.678456 0.678867 3.99791 1.28159 -9.1224
              Flags = 7340032
            }
          }
          NumBones = 2
          LimbBone {
            BoneName = "1"
            Flags = 56
            Controller {
              SetupTM = matrix 0.752506 -0.633092 -0.181464 0.576234 0.499508 0.646874 -0.318888 -0.591342 0.740692 0 0 0
              Flags = 8257536
            }
            NumBoneSegs = 1
            Width = 4.18384
            Length = 20.8554
            Height = 4.00371
            WeightOutTan = 0.333
            WeightInTan = 0.333
            WeightOutVal = 0
            WeightInVal = 1
            ParentNode = INode "SceneRootNode.Hub.Spine[0].Hub.Limb[0].CollarBone"
            BoneSeg {
              BoneName = "1"
              Flags = 0
              ObjectParams {
                Flags = 8
                Width = 4.18384
                Height = 4.00371
                Length = 20.8554
                ObjectOffsetPos = point 0 0 0
                ObjectOffsetRot = quat 0 0 0 1
                ObjectOffsetScl = point 1 1 1
              }
            }
          }
          LimbBone {
            BoneName = "2"
            Flags = 312
            Controller {
              SetupTM = matrix 0.825173 0.563952 0.032364 -0.56349 0.825808 -0.02282 -0.0395958 0.0005937 0.999216 0 0 0
              Flags = 7340032
            }
            NumBoneSegs = 2
            Width = 3.0258
            Length = 16.181
            Height = 3.42
            WeightOutTan = 0.333
            WeightInTan = 0.333
            WeightOutVal = 0
            WeightInVal = 1
            ParentNode = INode "SceneRootNode.Hub.Spine[0].Hub.Limb[0].LimbBone[0].BoneSeg[0]"
            BoneSeg {
              BoneName = "2"
              Flags = 0
              ObjectParams {
                Flags = 8
                Width = 3.0258
                Height = 3.42
                Length = 8.0905
                ObjectOffsetPos = point 0 0 0
                ObjectOffsetRot = quat 0 0 0 1
                ObjectOffsetScl = point 1 1 1
              }
            }
            BoneSeg {
              BoneName = "2"
              Flags = 0
              ObjectParams {
                Flags = 8
                Width = 3.0258
                Height = 3.42
                Length = 8.0905
                ObjectOffsetPos = point 0 0 0
                ObjectOffsetRot = quat 0 0 0 1
                ObjectOffsetScl = point 1 1 1
              }
            }
          }
          Palm {
            BoneName = "Palm"
            Flags = 304
            Controller {
              SetupTM = matrix 0.705515 0.613758 -0.354329 -0.708131 0.630451 -0.317933 0.0282537 0.475218 0.879414 0 0 0
              Flags = 7340032
            }
            ObjectParams {
              Flags = 8
              Width = 4.8
              Height = 2.4
              Length = 5.8
              ObjectOffsetPos = point 0 0 0
              ObjectOffsetRot = quat 0 0 0 1
              ObjectOffsetScl = point 1 1 1
            }
            TargetAlign = 1
            NumBones = 3
            DigitParams {
              BoneName = "Digit0"
              SetupPos = point 0.312434 -1.12467 0.843225
              Flags = 0
              CATMotionWeight = 1
              Width = 1.5792
              Height = 1.34
              NumBones = 3
              DigitSegParams {
                BoneName = "1"
                Flags = 56
                Length = 6.23
                Controller {
                  SetupTM = matrix 0.983033 0.00279439 0.183407 -0.0285165 0.990055 0.137759 -0.181198 -0.140652 0.973337 0 0 0
                  Flags = 7340032
                }
                ObjectParams {
                  Flags = 8
                  Width = 1.5792
                  Height = 1.34
                  Length = 6.23
                  ObjectOffsetPos = point 0 0 0
                  ObjectOffsetRot = quat 0 0 0 1
                  ObjectOffsetScl = point 1 1 1
                }
              }
              DigitSegParams {
                BoneName = "2"
                Flags = 312
                Length = 3.35
                Controller {
                  SetupTM = matrix 0.997306 -0.0733597 -8.24674e-009 0.0733597 0.997306 -9.95134e-009 8.95451e-009 9.31955e-009 1 0 0 0
                  Flags = 7340032
                }
                ObjectParams {
                  Flags = 8
                  Width = 1.5792
                  Height = 1.34
                  Length = 3.35
                  ObjectOffsetPos = point 0 0 0
                  ObjectOffsetRot = quat 0 0 0 1
                  ObjectOffsetScl = point 1 1 1
                }
              }
              DigitSegParams {
                BoneName = "3"
                Flags = 312
                Length = 2.83
                Controller {
                  SetupTM = matrix 0.367029 -0.930209 2.18331e-008 0.930209 0.367029 -5.4388e-008 4.25788e-008 4.02714e-008 1 0 0 0
                  Flags = 7340032
                }
                ObjectParams {
                  Flags = 8
                  Width = 1.5792
                  Height = 1.34
                  Length = 2.83
                  ObjectOffsetPos = point 0 0 0
                  ObjectOffsetRot = quat 0 0 0 1
                  ObjectOffsetScl = point 1 1 1
                }
              }
            }
            DigitParams {
              BoneName = "Digit1"
              SetupPos = point 1 2.75359e-009 0.150457
              Flags = 0
              CATMotionWeight = 1
              Width = 1.63
              Height = 1.43
              NumBones = 3
              DigitSegParams {
                BoneName = "1"
                Flags = 56
                Length = 4.8
                Controller {
                  SetupTM = matrix 0.987746 0.15043 0.0415834 -0.154285 0.981344 0.11472 -0.0235503 -0.11973 0.992527 0 0 0
                  Flags = 7340032
                }
                ObjectParams {
                  Flags = 8
                  Width = 1.63
                  Height = 1.43
                  Length = 4.8
                  ObjectOffsetPos = point 0 0 0
                  ObjectOffsetRot = quat 0 0 0 1
                  ObjectOffsetScl = point 1 1 1
                }
              }
              DigitSegParams {
                BoneName = "2"
                Flags = 312
                Length = 2.45
                Controller {
                  SetupTM = matrix 0.904433 -0.420969 0.0691835 0.418455 0.906956 0.0482181 -0.0830448 -0.0146598 0.996438 0 0 0
                  Flags = 7340032
                }
                ObjectParams {
                  Flags = 8
                  Width = 1.63
                  Height = 1.43
                  Length = 2.45
                  ObjectOffsetPos = point 0 0 0
                  ObjectOffsetRot = quat 0 0 0 1
                  ObjectOffsetScl = point 1 1 1
                }
              }
              DigitSegParams {
                BoneName = "3"
                Flags = 312
                Length = 3.84
                Controller {
                  SetupTM = matrix 0.95006 -0.312064 -0.00116345 0.308196 0.938857 -0.153503 0.0489952 0.145479 0.988147 0 0 0
                  Flags = 7340032
                }
                ObjectParams {
                  Flags = 8
                  Width = 1.63
                  Height = 1.43
                  Length = 3.84
                  ObjectOffsetPos = point 0 0 0
                  ObjectOffsetRot = quat 0 0 0 1
                  ObjectOffsetScl = point 1 1 1
                }
              }
            }
            DigitParams {
              BoneName = "Digit2"
              SetupPos = point 1.00188 0.307786 -0.957316
              Flags = 0
              CATMotionWeight = 1
              Width = 1.6756
              Height = 1.58
              NumBones = 3
              DigitSegParams {
                BoneName = "1"
                Flags = 56
                Length = 3.72
                Controller {
                  SetupTM = matrix 0.996581 -5.91574e-010 -0.0826255 6.14074e-010 1 2.46897e-010 0.0826255 -2.9679e-010 0.996581 0 0 0
                  Flags = 7340032
                }
                ObjectParams {
                  Flags = 8
                  Width = 1.6756
                  Height = 1.58
                  Length = 3.72
                  ObjectOffsetPos = point 0 0 0
                  ObjectOffsetRot = quat 0 0 0 1
                  ObjectOffsetScl = point 1 1 1
                }
              }
              DigitSegParams {
                BoneName = "2"
                Flags = 312
                Length = 1.86
                Controller {
                  SetupTM = matrix 0.965541 -0.26025 -1.71133e-009 0.26025 0.965541 -1.24704e-008 4.8978e-009 1.15953e-008 1 0 0 0
                  Flags = 7340032
                }
                ObjectParams {
                  Flags = 8
                  Width = 1.6756
                  Height = 1.58
                  Length = 1.86
                  ObjectOffsetPos = point 0 0 0
                  ObjectOffsetRot = quat 0 0 0 1
                  ObjectOffsetScl = point 1 1 1
                }
              }
              DigitSegParams {
                BoneName = "3"
                Flags = 312
                Length = 3.06
                Controller {
                  SetupTM = matrix 0.974145 -0.225924 2.16121e-009 0.225924 0.974145 -9.54629e-009 5.13971e-011 9.78774e-009 1 0 0 0
                  Flags = 7340032
                }
                ObjectParams {
                  Flags = 8
                  Width = 1.6756
                  Height = 1.58
                  Length = 3.06
                  ObjectOffsetPos = point 0 0 0
                  ObjectOffsetRot = quat 0 0 0 1
                  ObjectOffsetScl = point 1 1 1
                }
              }
            }
          }
        }
        Limb {
          Flags = 34
          BoneName = "RArm"
          IKFKValue = 1
          BoneColour = 9044213
          CollarBone {
            BoneName = "Collarbone"
            Flags = 56
            ParentNode = INode "SceneRootNode.Hub.Spine[0].Hub"
            ObjectParams {
              Flags = 8
              Width = 4.39
              Height = 5
              Length = 13.21
              ObjectOffsetPos = point 0 0 0
              ObjectOffsetRot = quat 0 0 0 1
              ObjectOffsetScl = point 1 1 1
            }
            Controller {
              SetupTM = matrix 0.510739 0.704476 -0.492808 -0.812594 0.208353 -0.544316 -0.280779 0.678456 0.678867 3.99791 1.28159 9.1224
              Flags = 7340032
            }
          }
          NumBones = 2
          LimbBone {
            BoneName = "1"
            Flags = 56
            Controller {
              SetupTM = matrix 0.752506 -0.633092 0.181464 0.576234 0.499508 -0.646874 0.318888 0.591342 0.740692 0 0 0
              Flags = 8257536
            }
            NumBoneSegs = 1
            Width = 4.18384
            Length = 20.8554
            Height = 4.00371
            WeightOutTan = 0.333
            WeightInTan = 0.333
            WeightOutVal = 0
            WeightInVal = 1
            ParentNode = INode "SceneRootNode.Hub.Spine[0].Hub.Limb[1].CollarBone"
            BoneSeg {
              BoneName = "1"
              Flags = 0
              ObjectParams {
                Flags = 8
                Width = 4.18384
                Height = 4.00371
                Length = 20.8554
                ObjectOffsetPos = point 0 0 0
                ObjectOffsetRot = quat 0 0 0 1
                ObjectOffsetScl = point 1 1 1
              }
            }
          }
          LimbBone {
            BoneName = "2"
            Flags = 312
            Controller {
              SetupTM = matrix 0.825173 0.563952 -0.032364 -0.56349 0.825808 0.02282 0.0395958 -0.0005937 0.999216 0 0 0
              Flags = 7340032
            }
            NumBoneSegs = 2
            Width = 3.0258
            Length = 16.181
            Height = 3.42
            WeightOutTan = 0.333
            WeightInTan = 0.333
            WeightOutVal = 0
            WeightInVal = 1
            ParentNode = INode "SceneRootNode.Hub.Spine[0].Hub.Limb[1].LimbBone[0].BoneSeg[0]"
            BoneSeg {
              BoneName = "2"
              Flags = 0
              ObjectParams {
                Flags = 8
                Width = 3.0258
                Height = 3.42
                Length = 8.0905
                ObjectOffsetPos = point 0 0 0
                ObjectOffsetRot = quat 0 0 0 1
                ObjectOffsetScl = point 1 1 1
              }
            }
            BoneSeg {
              BoneName = "2"
              Flags = 0
              ObjectParams {
                Flags = 8
                Width = 3.0258
                Height = 3.42
                Length = 8.0905
                ObjectOffsetPos = point 0 0 0
                ObjectOffsetRot = quat 0 0 0 1
                ObjectOffsetScl = point 1 1 1
              }
            }
          }
          Palm {
            BoneName = "Palm"
            Flags = 304
            Controller {
              SetupTM = matrix 0.705515 0.613758 0.354329 -0.708131 0.630451 0.317933 -0.0282537 -0.475218 0.879414 0 0 0
              Flags = 7340032
            }
