# CAT Character Rig exported from 3dsmax on Tue Oct 11 21:52:03 2005

Version = 2100
CATParent {
  CharacterName = "English Dragon"
  Version = 2100
  LengthAxis = 0
  Hub {
    BoneName = "Pelvis"
    Flags = 0
    BoneColour = 989115
    Controller {
      SetupTM = matrix 0.262693 0.96488 2.55085e-008 -0.96488 0.262693 6.15561e-008 5.26933e-008 -4.0783e-008 1 48.391 -53.4317 4.03352e-007
      Flags = 7537152
    }
    DangleRatioVal = 1
    ParentNode = INode "SceneRootNode"
    ObjectParams {
      Width = 23.8
      Length = 10.4
      Height = 10
      PivotPosZ = 0
      PivotPosY = 0
    }
    Limb {
      Flags = 4108
      BoneName = "LLeg"
      IKFKValue = 0
      BoneColour = 10440
      Platform {
        Flags = 0
        Controller {
          SetupTM = matrix 1 0 0 0 1 0 0 0 1 -6.36512e-007 -44.3863 14.5617
          Flags = 7537152
        }
        ObjectParams {
          Width = 14.74
          Length = 12.52
        }
      }
      NumBones = 3
      LimbBone {
        BoneName = ""
        Flags = 56
        Controller {
          SetupTM = matrix 0.793243 0.57239 -0.207689 -0.563977 0.819242 0.103786 0.229554 0.0348043 0.972673 1.7789e-006 -8.74025e-007 -9.01571
          Flags = 8257536
        }
        NumBoneSegs = 1
        Width = 10.6169
        Length = 26.0962
        Height = 12.0345
        WeightOutTan = 0.333
        WeightInTan = 0.333
        WeightOutVal = 0
        WeightInVal = 1
        ParentNode = INode "SceneRootNode.Hub"
        BoneSeg {
          BoneName = ""
          Flags = 0
          ObjectParams {
            Flags = 8
            Width = 10.6169
            Height = 12.0345
            Length = 26.0962
            ObjectOffsetPos = point 0 0 0
            ObjectOffsetRot = quat 0 0 0 1
            ObjectOffsetScl = point 1 1 1
          }
        }
      }
      LimbBone {
        BoneName = ""
        Flags = 312
        Controller {
          SetupTM = matrix -0.142776 -0.98432 0.103587 0.988797 -0.137251 0.058675 -0.0435375 0.110804 0.992888 2.68317e-007 -2.18473e-007 -1.39051e-006
          Flags = 7340032
        }
        NumBoneSegs = 1
        Width = 7.84817
        Length = 27.129
        Height = 7.22647
        WeightOutTan = 0.333
        WeightInTan = 0.333
        WeightOutVal = 0
        WeightInVal = 1
        ParentNode = INode "SceneRootNode.Hub.Limb[0].LimbBone[0].BoneSeg[0]"
        BoneSeg {
          BoneName = ""
          Flags = 0
          ObjectParams {
            Flags = 8
            Width = 7.84817
            Height = 7.22647
            Length = 27.129
            ObjectOffsetPos = point 0 0 0
            ObjectOffsetRot = quat 0 0 0 1
            ObjectOffsetScl = point 1 1 1
          }
        }
      }
      LimbBone {
        BoneName = "3"
        Flags = 312
        Controller {
          SetupTM = matrix -0.162473 0.980438 0.111098 -0.986709 -0.161755 -0.0155011 0.00277291 -0.11214 0.993689 1.1293e-006 9.51033e-008 5.57351e-007
          Flags = 7340032
        }
        NumBoneSegs = 1
        Width = 7.08
        Length = 16.5
        Height = 5.28
        WeightOutTan = 0.333
        WeightInTan = 0.333
        WeightOutVal = 0
        WeightInVal = 1
        ParentNode = INode "SceneRootNode.Hub.Limb[0].LimbBone[1].BoneSeg[0]"
        BoneSeg {
          BoneName = "3"
          Flags = 0
          ObjectParams {
            Flags = 8
            Width = 7.08
            Height = 5.28
            Length = 16.5
            ObjectOffsetPos = point 0 0 0
            ObjectOffsetRot = quat 0 0 0 1
            ObjectOffsetScl = point 1 1 1
          }
        }
      }
      Palm {
        BoneName = "Palm"
        Flags = 48
        Controller {
          SetupTM = matrix 0.312485 0.949923 -1.25561e-007 -0.949923 0.312485 -1.4381e-007 -9.94883e-008 1.60216e-007 1 -2.26293 -2.38523 9.77286e-007
          Flags = 7340032
        }
        ObjectParams {
          Flags = 8
          Width = 6.7
          Height = 5.55
          Length = 6.1
          ObjectOffsetPos = point 0 0 0
          ObjectOffsetRot = quat 0 0 0 1
          ObjectOffsetScl = point 1 1 1
        }
        TargetAlign = 0
        NumBones = 3
        DigitParams {
          BoneName = "Digit0"
          SetupPos = point 1.03455 0.197691 -1
          Flags = 0
          CATMotionWeight = 1
          Width = 3.42842
          Height = 3
          NumBones = 2
          DigitSegParams {
            BoneName = "1"
            Flags = 56
            Length = 5
            Controller {
              SetupTM = matrix 0.872401 -0.234776 -0.428714 0.169403 0.967959 -0.18536 0.458496 0.0890825 0.88422 0 0 0
              Flags = 7340032
            }
            ObjectParams {
              Flags = 8
              Width = 3.42842
              Height = 3
              Length = 5
              ObjectOffsetPos = point 0 0 0
              ObjectOffsetRot = quat 0 0 0 1
              ObjectOffsetScl = point 1 1 1
            }
          }
          DigitSegParams {
            BoneName = "2"
            Flags = 312
            Length = 3
            Controller {
              SetupTM = matrix 0.965926 -0.258819 -1.48942e-009 0.258819 0.965926 1.13133e-008 -1.48942e-009 -1.13133e-008 1 0 0 0
              Flags = 7340032
            }
            ObjectParams {
              Flags = 8
              Width = 3.42842
              Height = 3
              Length = 3
              ObjectOffsetPos = point 0 0 0
              ObjectOffsetRot = quat 0 0 0 1
              ObjectOffsetScl = point 1 1 1
            }
          }
        }
        DigitParams {
          BoneName = "Digit1"
          SetupPos = point 1.07096 0.603338 1.18764e-008
          Flags = 0
          CATMotionWeight = 1
          Width = 3.77583
          Height = 3
          NumBones = 2
          DigitSegParams {
            BoneName = "1"
            Flags = 56
            Length = 4.82132
            Controller {
              SetupTM = matrix 0.99852 -0.0543989 2.6153e-008 0.0543989 0.99852 7.54475e-008 -3.02185e-008 -7.39131e-008 1 -2.2485e-007 -1.08817 -9.51305e-008
              Flags = 7340032
            }
            ObjectParams {
              Flags = 8
              Width = 3.77583
              Height = 3
              Length = 4.82132
              ObjectOffsetPos = point 0 0 0
              ObjectOffsetRot = quat 0 0 0 1
              ObjectOffsetScl = point 1 1 1
            }
          }
          DigitSegParams {
            BoneName = "2"
            Flags = 312
            Length = 3
            Controller {
              SetupTM = matrix 0.886599 -0.46254 1.2183e-008 0.46254 0.886599 -2.5987e-008 1.21864e-009 2.86751e-008 1 0 0 0
              Flags = 7340032
            }
            ObjectParams {
              Flags = 8
              Width = 3.77583
              Height = 3
              Length = 3
              ObjectOffsetPos = point 0 0 0
              ObjectOffsetRot = quat 0 0 0 1
              ObjectOffsetScl = point 1 1 1
            }
          }
        }
        DigitParams {
          BoneName = "Digit2"
          SetupPos = point 1.04814 0.577589 0.872239
          Flags = 0
          CATMotionWeight = 1
          Width = 3.26708
          Height = 3
          NumBones = 2
          DigitSegParams {
            BoneName = "1"
            Flags = 56
            Length = 5.12168
            Controller {
              SetupTM = matrix 0.840755 -0.146184 0.521308 0.109431 0.98887 0.100807 -0.530242 -0.0277066 0.847394 -1.12466e-007 -0.544281 -4.75825e-008
              Flags = 7340032
            }
            ObjectParams {
              Flags = 8
              Width = 3.26708
              Height = 3
              Length = 5.12168
              ObjectOffsetPos = point 0 0 0
              ObjectOffsetRot = quat 0 0 0 1
              ObjectOffsetScl = point 1 1 1
            }
          }
          DigitSegParams {
            BoneName = "2"
            Flags = 312
            Length = 3
            Controller {
              SetupTM = matrix 0.976633 -0.212945 -0.0290222 0.21059 0.97517 -0.0685236 0.0428933 0.0608106 0.997227 0 0 0
              Flags = 7340032
            }
            ObjectParams {
              Flags = 8
              Width = 3.26708
              Height = 3
              Length = 3
              ObjectOffsetPos = point 0 0 0
              ObjectOffsetRot = quat 0 0 0 1
              ObjectOffsetScl = point 1 1 1
            }
          }
        }
      }
    }
    Limb {
      Flags = 4132
      BoneName = "RLeg"
      IKFKValue = 0
      BoneColour = 10440
      Platform {
        Flags = 0
        Controller {
          SetupTM = matrix 1 0 0 0 1 0 0 0 1 -6.36512e-007 -44.3863 -14.5617
          Flags = 7537152
        }
        ObjectParams {
          Width = 14.74
          Length = 12.52
        }
      }
      NumBones = 3
      LimbBone {
        BoneName = ""
        Flags = 56
        Controller {
          SetupTM = matrix 0.793243 0.57239 0.207689 -0.563977 0.819242 -0.103786 -0.229554 -0.0348043 0.972673 1.7789e-006 -8.74025e-007 9.01571
          Flags = 8257536
        }
        NumBoneSegs = 1
        Width = 10.6169
        Length = 26.0962
        Height = 12.0345
        WeightOutTan = 0.333
        WeightInTan = 0.333
        WeightOutVal = 0
        WeightInVal = 1
        ParentNode = INode "SceneRootNode.Hub"
        BoneSeg {
          BoneName = ""
          Flags = 0
          ObjectParams {
            Flags = 8
            Width = 10.6169
            Height = 12.0345
            Length = 26.0962
            ObjectOffsetPos = point 0 0 0
            ObjectOffsetRot = quat 0 0 0 1
            ObjectOffsetScl = point 1 1 1
          }
        }
      }
      LimbBone {
        BoneName = ""
        Flags = 312
        Controller {
          SetupTM = matrix -0.142776 -0.98432 -0.103587 0.988797 -0.137251 -0.058675 0.0435375 -0.110804 0.992888 2.68317e-007 -2.18473e-007 1.39051e-006
          Flags = 7340032
        }
        NumBoneSegs = 1
        Width = 7.84817
        Length = 27.129
        Height = 7.22647
        WeightOutTan = 0.333
        WeightInTan = 0.333
        WeightOutVal = 0
        WeightInVal = 1
        ParentNode = INode "SceneRootNode.Hub.Limb[1].LimbBone[0].BoneSeg[0]"
        BoneSeg {
          BoneName = ""
          Flags = 0
          ObjectParams {
            Flags = 8
            Width = 7.84817
            Height = 7.22647
            Length = 27.129
            ObjectOffsetPos = point 0 0 0
            ObjectOffsetRot = quat 0 0 0 1
            ObjectOffsetScl = point 1 1 1
          }
        }
      }
      LimbBone {
        BoneName = "3"
        Flags = 312
        Controller {
          SetupTM = matrix -0.162473 0.980438 -0.111098 -0.986709 -0.161755 0.0155011 -0.00277291 0.11214 0.993689 1.1293e-006 9.51033e-008 -5.57351e-007
          Flags = 7340032
        }
        NumBoneSegs = 1
        Width = 7.08
        Length = 16.5
        Height = 5.28
        WeightOutTan = 0.333
        WeightInTan = 0.333
        WeightOutVal = 0
        WeightInVal = 1
        ParentNode = INode "SceneRootNode.Hub.Limb[1].LimbBone[1].BoneSeg[0]"
        BoneSeg {
          BoneName = "3"
          Flags = 0
          ObjectParams {
            Flags = 8
            Width = 7.08
            Height = 5.28
            Length = 16.5
            ObjectOffsetPos = point 0 0 0
            ObjectOffsetRot = quat 0 0 0 1
            ObjectOffsetScl = point 1 1 1
          }
        }
      }
      Palm {
        BoneName = "Palm"
        Flags = 48
        Controller {
          SetupTM = matrix 0.312485 0.949923 1.25561e-007 -0.949923 0.312485 1.4381e-007 9.94883e-008 -1.60216e-007 1 -2.26293 -2.38523 -9.77286e-007
          Flags = 7340032
        }
        ObjectParams {
          Flags = 8
          Width = 6.7
          Height = 5.55
          Length = 6.1
          ObjectOffsetPos = point 0 0 0
          ObjectOffsetRot = quat 0 0 0 1
          ObjectOffsetScl = point 1 1 1
        }
        TargetAlign = 0
        NumBones = 3
        DigitParams {
          BoneName = "Digit0"
          SetupPos = point 1.03455 0.197691 1
          Flags = 0
          CATMotionWeight = 1
          Width = 3.42842
          Height = 3
          NumBones = 2
          DigitSegParams {
            BoneName = "1"
            Flags = 56
            Length = 5
            Controller {
              SetupTM = matrix 0.872401 -0.234776 0.428714 0.169403 0.967959 0.18536 -0.458496 -0.0890825 0.88422 0 0 0
              Flags = 7340032
            }
            ObjectParams {
              Flags = 8
              Width = 3.42842
              Height = 3
              Length = 5
              ObjectOffsetPos = point 0 0 0
              ObjectOffsetRot = quat 0 0 0 1
              ObjectOffsetScl = point 1 1 1
            }
          }
          DigitSegParams {
            BoneName = "2"
            Flags = 312
            Length = 3
            Controller {
              SetupTM = matrix 0.965926 -0.258819 1.48942e-009 0.258819 0.965926 -1.13133e-008 1.48942e-009 1.13133e-008 1 0 0 0
              Flags = 7340032
            }
            ObjectParams {
              Flags = 8
              Width = 3.42842
              Height = 3
              Length = 3
              ObjectOffsetPos = point 0 0 0
              ObjectOffsetRot = quat 0 0 0 1
              ObjectOffsetScl = point 1 1 1
            }
          }
        }
        DigitParams {
          BoneName = "Digit1"
          SetupPos = point 1.07096 0.603338 -1.18764e-008
          Flags = 0
          CATMotionWeight = 1
          Width = 3.77583
          Height = 3
          NumBones = 2
          DigitSegParams {
            BoneName = "1"
            Flags = 56
            Length = 4.82132
            Controller {
              SetupTM = matrix 0.99852 -0.0543989 -2.6153e-008 0.0543989 0.99852 -7.54475e-008 3.02185e-008 7.39131e-008 1 -2.2485e-007 -1.08817 9.51305e-008
              Flags = 7340032
            }
            ObjectParams {
              Flags = 8
              Width = 3.77583
              Height = 3
              Length = 4.82132
              ObjectOffsetPos = point 0 0 0
              ObjectOffsetRot = quat 0 0 0 1
              ObjectOffsetScl = point 1 1 1
            }
          }
          DigitSegParams {
            BoneName = "2"
            Flags = 312
            Length = 3
            Controller {
              SetupTM = matrix 0.886599 -0.46254 -1.2183e-008 0.46254 0.886599 2.5987e-008 -1.21864e-009 -2.86751e-008 1 0 0 0
              Flags = 7340032
            }
            ObjectParams {
              Flags = 8
              Width = 3.77583
              Height = 3
              Length = 3
              ObjectOffsetPos = point 0 0 0
              ObjectOffsetRot = quat 0 0 0 1
              ObjectOffsetScl = point 1 1 1
            }
          }
        }
        DigitParams {
          BoneName = "Digit2"
          SetupPos = point 1.04814 0.577589 -0.872239
          Flags = 0
          CATMotionWeight = 1
          Width = 3.26708
          Height = 3
          NumBones = 2
          DigitSegParams {
            BoneName = "1"
            Flags = 56
            Length = 5.12168
            Controller {
              SetupTM = matrix 0.840755 -0.146184 -0.521308 0.109431 0.98887 -0.100807 0.530242 0.0277066 0.847394 -1.12466e-007 -0.544281 4.75825e-008
              Flags = 7340032
            }
            ObjectParams {
              Flags = 8
              Width = 3.26708
              Height = 3
              Length = 5.12168
              ObjectOffsetPos = point 0 0 0
              ObjectOffsetRot = quat 0 0 0 1
              ObjectOffsetScl = point 1 1 1
            }
          }
          DigitSegParams {
            BoneName = "2"
            Flags = 312
            Length = 3
            Controller {
              SetupTM = matrix 0.976633 -0.212945 0.0290222 0.21059 0.97517 0.0685236 -0.0428933 -0.0608106 0.997227 0 0 0
              Flags = 7340032
            }
            ObjectParams {
              Flags = 8
              Width = 3.26708
              Height = 3
              Length = 3
              ObjectOffsetPos = point 0 0 0
              ObjectOffsetRot = quat 0 0 0 1
              ObjectOffsetScl = point 1 1 1
            }
          }
        }
      }
    }
    Spine {
      BoneName = "Spine"
      Flags = 0
      AbsRelSpine = 0
      SpineBase = matrix 1 0 0 0 1 0 0 0 1 0 0 0
      WeightOutTan = 0.333
      WeightInTan = 0.333
      WeightOutVal = 0
      WeightInVal = 1
      NumLinks = 6
      SpineLink {
        BoneName = ""
        Flags = 56
        ParentNode = INode "SceneRootNode.Hub"
        ObjectParams {
          Flags = 8
          Width = 8.63
          Height = 8.63
          Length = 18.373
          ObjectOffsetPos = point 0 0 0
          ObjectOffsetRot = quat 0 0 0 1
          ObjectOffsetScl = point 1 1 1
        }
        SetupTM = matrix 1 0 0 0 1 0 0 0 1 0 0 0
      }
      SpineLink {
        BoneName = ""
        Flags = 312
        ParentNode = INode "SceneRootNode.Hub.Spine[0].SpineLink[0]"
        ObjectParams {
          Flags = 8
          Width = 8.63
          Height = 8.63
          Length = 18.373
          ObjectOffsetPos = point 0 0 0
          ObjectOffsetRot = quat 0 0 0 1
          ObjectOffsetScl = point 1 1 1
        }
        SetupTM = matrix 1 0 0 0 1 0 0 0 1 0 0 0
      }
      SpineLink {
        BoneName = ""
        Flags = 312
        ParentNode = INode "SceneRootNode.Hub.Spine[0].SpineLink[1]"
        ObjectParams {
          Flags = 8
          Width = 8.63
          Height = 8.63
          Length = 18.373
          ObjectOffsetPos = point 0 0 0
          ObjectOffsetRot = quat 0 0 0 1
          ObjectOffsetScl = point 1 1 1
        }
        SetupTM = matrix 1 0 0 0 1 0 0 0 1 0 0 0
      }
      SpineLink {
        BoneName = ""
        Flags = 312
        ParentNode = INode "SceneRootNode.Hub.Spine[0].SpineLink[2]"
        ObjectParams {
          Flags = 8
          Width = 8.63
          Height = 8.63
          Length = 18.373
          ObjectOffsetPos = point 0 0 0
          ObjectOffsetRot = quat 0 0 0 1
          ObjectOffsetScl = point 1 1 1
        }
        SetupTM = matrix 1 0 0 0 1 0 0 0 1 0 0 0
      }
      SpineLink {
        BoneName = ""
        Flags = 312
        ParentNode = INode "SceneRootNode.Hub.Spine[0].SpineLink[3]"
        ObjectParams {
          Flags = 8
          Width = 8.63
          Height = 8.63
          Length = 18.373
          ObjectOffsetPos = point 0 0 0
          ObjectOffsetRot = quat 0 0 0 1
          ObjectOffsetScl = point 1 1 1
        }
        SetupTM = matrix 1 0 0 0 1 0 0 0 1 0 0 0
      }
      SpineLink {
        BoneName = ""
        Flags = 312
        ParentNode = INode "SceneRootNode.Hub.Spine[0].SpineLink[4]"
        ObjectParams {
          Flags = 8
          Width = 8.63
          Height = 8.63
          Length = 18.373
          ObjectOffsetPos = point 0 0 0
          ObjectOffsetRot = quat 0 0 0 1
          ObjectOffsetScl = point 1 1 1
        }
        SetupTM = matrix 1 0 0 0 1 0 0 0 1 0 0 0
      }
      Hub {
        BoneName = "Ribcage"
        Flags = 0
        BoneColour = 39167
        Controller {
          SetupTM = matrix -0.115089 0.993355 4.87421e-008 -0.993355 -0.115089 4.34209e-008 4.87421e-008 -4.34209e-008 1 57.5065 55.455 -1.52851e-005
          Flags = 7536640
        }
        DangleRatioVal = 0
        ParentNode = INode "SceneRootNode.Hub.Spine[0].SpineLink[5]"
        ObjectParams {
          Width = 19.4842
          Length = 18.3828
          Height = 30.7223
          PivotPosZ = 0.522727
          PivotPosY = -0.704545
        }
        Limb {
          Flags = 4110
          BoneName = "LLeg"
          IKFKValue = 0
          BoneColour = 6550
          Platform {
            Flags = 0
            Controller {
              SetupTM = matrix 1 0 0 0 1 0 0 0 1 9.41185e-007 62.3055 21.5318
              Flags = 7537152
            }
            ObjectParams {
              Width = 10
              Length = 20
            }
          }
          CollarBone {
            BoneName = "Collarbone"
            Flags = 56
            ParentNode = INode "SceneRootNode.Hub.Spine[0].Hub"
            ObjectParams {
              Flags = 8
              Width = 5
              Height = 5
              Length = 18.4933
              ObjectOffsetPos = point 0 0 0
              ObjectOffsetRot = quat 0 0 0 1
              ObjectOffsetScl = point 1 1 1
            }
            Controller {
              SetupTM = matrix 0.378498 0.692263 -0.61442 0.399075 0.476887 0.783146 0.835152 -0.541619 -0.0957641 7.33862 -3.81414 -0.112187
              Flags = 7340032
            }
          }
          NumBones = 3
          LimbBone {
            BoneName = ""
            Flags = 312
            Controller {
              SetupTM = matrix 0.581458 -0.780923 -0.228181 0.764503 0.620389 -0.175078 0.278283 -0.0726443 0.957748 1.51091e-007 -9.17786e-007 -2.6018e-006
              Flags = 8257536
            }
            NumBoneSegs = 1
            Width = 7.0882
            Length = 25.454
            Height = 10
            WeightOutTan = 0.333
            WeightInTan = 0.333
            WeightOutVal = 0
            WeightInVal = 1
            ParentNode = INode "SceneRootNode.Hub.Spine[0].Hub.Limb[0].CollarBone"
            BoneSeg {
              BoneName = ""
              Flags = 0
              ObjectParams {
                Flags = 8
                Width = 7.0882
                Height = 10
                Length = 25.454
                ObjectOffsetPos = point 0 0 0
                ObjectOffsetRot = quat 0 0 0 1
                ObjectOffsetScl = point 1 1 1
              }
            }
          }
          LimbBone {
            BoneName = ""
            Flags = 312
            Controller {
              SetupTM = matrix 0.490462 0.847154 0.204395 -0.864827 0.502038 -0.005571 -0.107334 -0.174034 0.978873 -1.44474e-005 4.06628e-006 -6.97336e-006
              Flags = 7340032
            }
            NumBoneSegs = 1
            Width = 6.36
            Length = 18.4152
            Height = 10.1952
            WeightOutTan = 0.333
            WeightInTan = 0.333
            WeightOutVal = 0
            WeightInVal = 1
            ParentNode = INode "SceneRootNode.Hub.Spine[0].Hub.Limb[0].LimbBone[0].BoneSeg[0]"
            BoneSeg {
              BoneName = ""
              Flags = 0
              ObjectParams {
                Flags = 8
                Width = 6.36
                Height = 10.1952
                Length = 18.4152
                ObjectOffsetPos = point 0 0 0
                ObjectOffsetRot = quat 0 0 0 1
                ObjectOffsetScl = point 1 1 1
              }
            }
          }
          LimbBone {
            BoneName = "3"
            Flags = 312
            Controller {
              SetupTM = matrix 0.888107 0.459564 -0.0081833 -0.459577 0.887564 -0.0319078 -0.00740054 0.0320983 0.999457 -2.90227e-007 -2.31018e-006 -2.94687e-006
              Flags = 7340032
            }
            NumBoneSegs = 1
            Width = 7.047
            Length = 11.4362
            Height = 6.48
            WeightOutTan = 0.333
            WeightInTan = 0.333
            WeightOutVal = 0
            WeightInVal = 1
            ParentNode = INode "SceneRootNode.Hub.Spine[0].Hub.Limb[0].LimbBone[1].BoneSeg[0]"
            BoneSeg {
              BoneName = "3"
              Flags = 0
              ObjectParams {
                Flags = 8
                Width = 7.047
                Height = 6.48
                Length = 11.4362
                ObjectOffsetPos = point 0 0 0
                ObjectOffsetRot = quat 0 0 0 1
                ObjectOffsetScl = point 1 1 1
              }
            }
          }
          Palm {
            BoneName = "Palm"
            Flags = 48
            Controller {
              SetupTM = matrix 0.597358 0.801974 -0.000431695 -0.797564 0.594016 -0.105056 -0.0839959 0.0631004 0.994466 -1.51106 -3.02556 -2.66696e-006
              Flags = 7340032
            }
            ObjectParams {
              Flags = 8
              Width = 7.1
              Height = 6.81
              Length = 5.6
              ObjectOffsetPos = point 0 0 0
              ObjectOffsetRot = quat 0 0 0 1
              ObjectOffsetScl = point 1 1 1
            }
            TargetAlign = 0
            NumBones = 4
            DigitParams {
              BoneName = "Digit0"
              SetupPos = point 0.834134 -0.938476 0.483053
              Flags = 0
              CATMotionWeight = 1
              Width = 3.98507
              Height = 4.4009
              NumBones = 3
              DigitSegParams {
                BoneName = "1"
                Flags = 56
                Length = 3
                Controller {
                  SetupTM = matrix -0.965417 0.160495 0.205454 0.137451 0.982968 -0.121991 -0.221533 -0.0895322 -0.971034 -1.3752 1.99832 -2.50068
                  Flags = 7340032
                }
                ObjectParams {
                  Flags = 8
                  Width = 3.98507
                  Height = 4.4009
                  Length = 3
                  ObjectOffsetPos = point 0 0 0
                  ObjectOffsetRot = quat 0 0 0 1
                  ObjectOffsetScl = point 1 1 1
                }
              }
              DigitSegParams {
                BoneName = "2"
                Flags = 312
                Length = 3
                Controller {
                  SetupTM = matrix 0.965926 -0.258819 1.48942e-009 0.258819 0.965926 -1.13133e-008 1.48942e-009 1.13133e-008 1 0 0 0
                  Flags = 7340032
                }
                ObjectParams {
                  Flags = 8
                  Width = 3.98507
                  Height = 4.4009
                  Length = 3
                  ObjectOffsetPos = point 0 0 0
                  ObjectOffsetRot = quat 0 0 0 1
                  ObjectOffsetScl = point 1 1 1
                }
              }
              DigitSegParams {
                BoneName = "3"
                Flags = 312
                Length = 5
                Controller {
                  SetupTM = matrix 0.858634 -0.512589 1.78615e-010 0.512589 0.858634 -1.4546e-008 7.30273e-009 1.25812e-008 1 0 0 0
                  Flags = 7340032
                }
                ObjectParams {
                  Flags = 8
                  Width = 3.98507
                  Height = 4.4009
                  Length = 5
                  ObjectOffsetPos = point 0 0 0
                  ObjectOffsetRot = quat 0 0 0 1
                  ObjectOffsetScl = point 1 1 1
                }
              }
            }
            DigitParams {
              BoneName = "Digit1"
              SetupPos = point 0.967385 0.552939 0.814077
              Flags = 0
              CATMotionWeight = 1
              Width = 3.43167
              Height = 2
              NumBones = 3
              DigitSegParams {
                BoneName = "1"
                Flags = 56
                Length = 4.00826
                Controller {
                  SetupTM = matrix 0.746298 0.377216 0.548405 -0.307924 0.926105 -0.217975 -0.590104 -0.00619202 0.807304 0 0 0
                  Flags = 7340032
                }
                ObjectParams {
                  Flags = 8
                  Width = 3.43167
                  Height = 2
                  Length = 4.00826
                  ObjectOffsetPos = point 0 0 0
                  ObjectOffsetRot = quat 0 0 0 1
                  ObjectOffsetScl = point 1 1 1
                }
              }
              DigitSegParams {
                BoneName = "2"
                Flags = 312
                Length = 4.78491
                Controller {
                  SetupTM = matrix 0.919041 -0.384236 -0.0878991 0.381783 0.92321 -0.0438769 0.0980084 0.00676628 0.995163 0 0 0
                  Flags = 7340032
                }
                ObjectParams {
                  Flags = 8
                  Width = 3.43167
                  Height = 2
                  Length = 4.78491
                  ObjectOffsetPos = point 0 0 0
                  ObjectOffsetRot = quat 0 0 0 1
                  ObjectOffsetScl = point 1 1 1
                }
              }
              DigitSegParams {
                BoneName = "3"
                Flags = 312
                Length = 5
                Controller {
                  SetupTM = matrix 0.829167 -0.557987 -0.0336645 0.557526 0.82985 -0.0226888 0.0405965 4.39997e-005 0.999176 0 0 0
                  Flags = 7340032
                }
                ObjectParams {
                  Flags = 8
                  Width = 3.43167
                  Height = 2
                  Length = 5
                  ObjectOffsetPos = point 0 0 0
                  ObjectOffsetRot = quat 0 0 0 1
                  ObjectOffsetScl = point 1 1 1
                }
              }
            }
            DigitParams {
              BoneName = "Digit2"
              SetupPos = point 1.00808 0.781178 -0.0428279
              Flags = 0
              CATMotionWeight = 1
              Width = 3.34991
              Height = 3
              NumBones = 3
              DigitSegParams {
                BoneName = "1"
                Flags = 56
                Length = 5.61227
                Controller {
                  SetupTM = matrix 0.941825 0.320424 -0.10146 -0.326977 0.943376 -0.0559284 0.077794 0.0858497 0.993266 0 0 0
                  Flags = 7340032
                }
                ObjectParams {
                  Flags = 8
                  Width = 3.34991
                  Height = 3
                  Length = 5.61227
                  ObjectOffsetPos = point 0 0 0
                  ObjectOffsetRot = quat 0 0 0 1
                  ObjectOffsetScl = point 1 1 1
                }
              }
              DigitSegParams {
                BoneName = "2"
                Flags = 312
                Length = 3.51152
                Controller {
                  SetupTM = matrix 0.907682 -0.419593 0.00748333 0.419325 0.906098 -0.0561595 0.0167835 0.0541128 0.998394 0 0 0
                  Flags = 7340032
                }
                ObjectParams {
                  Flags = 8
                  Width = 3.34991
                  Height = 3
                  Length = 3.51152
                  ObjectOffsetPos = point 0 0 0
                  ObjectOffsetRot = quat 0 0 0 1
                  ObjectOffsetScl = point 1 1 1
                }
              }
              DigitSegParams {
                BoneName = "3"
                Flags = 312
                Length = 6
                Controller {
                  SetupTM = matrix 0.896512 -0.442129 0.0280399 0.441891 0.896951 0.0145128 -0.0315669 -0.000620292 0.999501 0 0 0
                  Flags = 7340032
                }
                ObjectParams {
                  Flags = 8
                  Width = 3.34991
                  Height = 3
                  Length = 6
                  ObjectOffsetPos = point 0 0 0
                  ObjectOffsetRot = quat 0 0 0 1
                  ObjectOffsetScl = point 1 1 1
                }
              }
            }
            DigitParams {
              BoneName = "Digit3"
              SetupPos = point 0.986811 0.313258 -0.829179
              Flags = 0
              CATMotionWeight = 1
              Width = 3.25931
              Height = 3
              NumBones = 3
              DigitSegParams {
                BoneName = "1"
                Flags = 56
                Length = 5
                Controller {
                  SetupTM = matrix 0.712072 0.146339 -0.686687 -0.135169 0.988315 0.0704532 0.688973 0.0426507 0.723531 0 0 0
                  Flags = 7340032
                }
                ObjectParams {
                  Flags = 8
                  Width = 3.25931
                  Height = 3
                  Length = 5
                  ObjectOffsetPos = point 0 0 0
                  ObjectOffsetRot = quat 0 0 0 1
                  ObjectOffsetScl = point 1 1 1
                }
              }
              DigitSegParams {
                BoneName = "2"
                Flags = 312
                Length = 5
                Controller {
                  SetupTM = matrix 0.932009 -0.361034 0.0318521 0.362341 0.930176 -0.0590115 -0.00832291 0.0665405 0.997749 0 0 0
                  Flags = 7340032
                }
                ObjectParams {
                  Flags = 8
                  Width = 3.25931
                  Height = 3
                  Length = 5
                  ObjectOffsetPos = point 0 0 0
                  ObjectOffsetRot = quat 0 0 0 1
                  ObjectOffsetScl = point 1 1 1
                }
              }
              DigitSegParams {
                BoneName = "3"
                Flags = 312
                Length = 3
                Controller {
                  SetupTM = matrix 0.965926 -0.258819 1.48942e-009 0.258819 0.965926 -1.13133e-008 1.48942e-009 1.13133e-008 1 0 0 0
                  Flags = 7340032
                }
                ObjectParams {
                  Flags = 8
                  Width = 3.25931
                  Height = 3
                  Length = 3
                  ObjectOffsetPos = point 0 0 0
                  ObjectOffsetRot = quat 0 0 0 1
                  ObjectOffsetScl = point 1 1 1
                }
              }
            }
          }
        }
        Limb {
          Flags = 4134
          BoneName = "RLeg"
          IKFKValue = 0
          BoneColour = 6550
          Platform {
            Flags = 0
            Controller {
              SetupTM = matrix 1 0 0 0 1 0 0 0 1 9.41185e-007 62.3055 -21.5318
              Flags = 7537152
            }
            ObjectParams {
              Width = 10
              Length = 20
            }
          }
          CollarBone {
            BoneName = "Collarbone"
            Flags = 56
            ParentNode = INode "SceneRootNode.Hub.Spine[0].Hub"
            ObjectParams {
              Flags = 8
              Width = 5
              Height = 5
              Length = 18.4933
              ObjectOffsetPos = point 0 0 0
              ObjectOffsetRot = quat 0 0 0 1
              ObjectOffsetScl = point 1 1 1
            }
            Controller {
              SetupTM = matrix 0.378498 0.692263 0.61442 0.399075 0.476887 -0.783146 -0.835152 0.541619 -0.0957641 7.33862 -3.81414 0.112187
              Flags = 7340032
            }
          }
          NumBones = 3
          LimbBone {
            BoneName = ""
            Flags = 312
            Controller {
              SetupTM = matrix 0.581458 -0.780923 0.228181 0.764503 0.620389 0.175078 -0.278283 0.0726443 0.957748 1.51091e-007 -9.17786e-007 2.6018e-006
              Flags = 8257536
            }
            NumBoneSegs = 1
            Width = 7.0882
            Length = 25.454
            Height = 10
            WeightOutTan = 0.333
            WeightInTan = 0.333
            WeightOutVal = 0
            WeightInVal = 1
            ParentNode = INode "SceneRootNode.Hub.Spine[0].Hub.Limb[1].CollarBone"
            BoneSeg {
              BoneName = ""
              Flags = 0
              ObjectParams {
                Flags = 8
                Width = 7.0882
                Height = 10
                Length = 25.454
                ObjectOffsetPos = point 0 0 0
                ObjectOffsetRot = quat 0 0 0 1
                ObjectOffsetScl = point 1 1 1
              }
            }
          }
          LimbBone {
            BoneName = ""
            Flags = 312
            Controller {
              SetupTM = matrix 0.490462 0.847154 -0.204395 -0.864827 0.502038 0.005571 0.107334 0.174034 0.978873 -1.44474e-005 4.06628e-006 6.97336e-006
              Flags = 7340032
            }
            NumBoneSegs = 1
            Width = 6.36
            Length = 18.4152
            Height = 10.1952
            WeightOutTan = 0.333
            WeightInTan = 0.333
            WeightOutVal = 0
            WeightInVal = 1
            ParentNode = INode "SceneRootNode.Hub.Spine[0].Hub.Limb[1].LimbBone[0].BoneSeg[0]"
            BoneSeg {
              BoneName = ""
              Flags = 0
              ObjectParams {
                Flags = 8
                Width = 6.36
                Height = 10.1952
                Length = 18.4152
                ObjectOffsetPos = point 0 0 0
                ObjectOffsetRot = quat 0 0 0 1
                ObjectOffsetScl = point 1 1 1
              }
            }
          }
          LimbBone {
            BoneName = "3"
            Flags = 312
            Controller {
              SetupTM = matrix 0.888107 0.459564 0.0081833 -0.459577 0.887564 0.0319078 0.00740054 -0.0320983 0.999457 -2.90227e-007 -2.31018e-006 2.94687e-006
              Flags = 7340032
            }
            NumBoneSegs = 1
            Width = 7.047
            Length = 11.4362
            Height = 6.48
            WeightOutTan = 0.333
            WeightInTan = 0.333
            WeightOutVal = 0
            WeightInVal = 1
            ParentNode = INode "SceneRootNode.Hub.Spine[0].Hub.Limb[1].LimbBone[1].BoneSeg[0]"
            BoneSeg {
              BoneName = "3"
              Flags = 0
              ObjectParams {
                Flags = 8
                Width = 7.047
                Height = 6.48
                Length = 11.4362
                ObjectOffsetPos = point 0 0 0
                ObjectOffsetRot = quat 0 0 0 1
                ObjectOffsetScl = point 1 1 1
              }
            }
          }
          Palm {
            BoneName = "Palm"
            Flags = 48
            Controller {
              SetupTM = matrix 0.597358 0.801974 0.000431695 -0.797564 0.594016 0.105056 0.0839959 -0.0631004 0.994466 -1.51106 -3.02556 2.66696e-006
              Flags = 7340032
            }
            ObjectParams {
              Flags = 8
              Width = 7.1
              Height = 6.81
              Length = 5.6
              ObjectOffsetPos = point 0 0 0
              ObjectOffsetRot = quat 0 0 0 1
              ObjectOffsetScl = point 1 1 1
            }
            TargetAlign = 0
            NumBones = 4
            DigitParams {
              BoneName = "Digit0"
              SetupPos = point 0.834134 -0.938476 -0.483053
              Flags = 0
              CATMotionWeight = 1
              Width = 3.98507
              Height = 4.4009
              NumBones = 3
              DigitSegParams {
                BoneName = "1"
                Flags = 56
