[BoneObject]
Width=4.000000
Height=4.000000
Taper=0.900000
[BoneSideFins]
Enabled=0
Size=2.000000
StartTaper=0.100000
EndTaper=0.100000
[BoneFrontFin]
Enabled=0
Size=2.000000
StartTaper=0.100000
EndTaper=0.100000
[BoneBackFin]
Enabled=0
Size=2.000000
StartTaper=0.100000
EndTaper=0.100000
[BoneMapCoordinates]
Enabled=0
